1,3,1,533.69,2,0,0
1,3,1,500.83,2,0,0
1,3,1,495.09,2,0,0
1,3,1,419.81,2,0,0
1,3,1,373.46,2,0,0
1,3,1,496.05,2,0,0
1,3,1,516.68,2,0,0
1,3,1,494.14,2,0,0
1,3,1,512.73,2,0,0
1,3,1,443.61,2,0,0
1,3,1,503.48,2,0,0
1,3,1,583.8,2,0,0
1,3,1,504.23,2,0,0
1,3,1,468.41,2,0,0
1,3,1,572.1,2,0,0
1,3,1,522.57,2,0,0
1,3,1,459.14,2,0,0
1,3,1,415.99,2,0,0
1,3,1,466.34,2,0,0
1,3,1,402.92,2,0,0
1,3,1,547.45,2,0,0
1,3,1,575.33,2,0,0
1,3,1,462.55,2,0,0
1,3,1,446.05,2,0,0
1,3,1,539.23,2,0,0
1,3,1,402.42,2,0,0
1,3,1,530.6,2,0,0
1,3,1,465.72,2,0,0
1,3,1,616.35,2,0,0
1,3,1,549.13,2,0,0
1,3,1,566.98,2,0,0
1,3,1,456.46,2,0,0
1,3,1,520.5,2,0,0
1,3,1,467.56,2,0,0
1,3,1,474.4,2,0,0
1,3,1,568.5,2,0,0
1,3,1,512.72,2,0,0
1,3,1,461.36,2,0,0
1,3,1,627.37,2,0,0
1,3,1,439.64,2,0,0
1,3,1,536.31,2,0,0
1,3,1,648.35,2,0,0
1,3,1,460.75,2,0,0
1,3,1,634.17,2,0,0
1,3,1,494.39,2,0,0
1,3,1,418,2,0,0
1,3,1,487.28,2,0,0
1,3,1,481.03,2,0,0
1,3,1,671.35,2,0,0
1,3,1,490.33,2,0,0
1,3,1,496.69,2,0,0
1,3,1,453.74,2,0,0
1,3,1,490.19,2,0,0
1,3,1,551.87,2,0,0
1,3,1,434.49,2,0,0
1,3,1,447.2,2,0,0
1,3,1,828.99,2,0,0
1,3,1,578.8,2,0,0
1,3,1,533.8,2,0,0
1,3,1,487.3,2,0,0
1,3,1,588.84,2,0,0
1,3,1,452.7,2,0,0
1,3,1,815.42,2,0,0
1,3,1,517.7,2,0,0
1,3,1,505.23,2,0,0
1,3,1,484.58,2,0,0
1,3,1,505.35,2,0,0
1,3,1,726.19,2,0,0
1,3,1,461.62,2,0,0
1,3,1,533.56,2,0,0
1,3,1,507.93,2,0,0
1,3,1,467.45,2,0,0
1,3,1,508.02,2,0,0
1,3,1,447.6,2,0,0
1,3,1,495.02,2,0,0
1,3,1,507.84,2,0,0
1,3,1,483.55,2,0,0
1,3,1,432.39,2,0,0
1,3,1,478.83,2,0,0
1,3,1,465.79,2,0,0
1,3,1,571.4,2,0,0
1,3,1,430.86,2,0,0
1,3,1,471.69,2,0,0
1,3,1,573.38,2,0,0
1,3,1,465.62,2,0,0
1,3,1,458.09,2,0,0
1,3,1,581.12,2,0,0
1,3,1,434.18,2,0,0
1,3,1,386.23,2,0,0
1,3,1,435.24,2,0,0
1,3,1,527.38,3,0,0
1,3,1,496.7,3,0,0
1,3,1,492.44,3,0,0
1,3,1,594.11,3,0,0
1,3,1,468.15,3,0,0
1,3,1,512.93,3,0,0
1,3,1,699.17,3,0,0
1,3,1,557.71,3,0,0
1,3,1,872.43,3,0,0
1,3,1,507.51,3,0,0
1,3,1,517.42,3,0,0
1,3,1,718.54,3,0,0
1,3,1,492.34,3,0,0
1,3,1,527,3,0,0
1,3,1,522.68,3,0,0
1,3,1,647.52,3,0,0
1,3,1,767.55,3,0,0
1,3,1,573.96,3,0,0
1,3,1,518.45,3,0,0
1,3,1,468.32,3,0,0
1,3,1,522.03,3,0,0
1,3,1,499.39,3,0,0
1,3,1,832.56,3,0,0
1,3,1,424.17,3,0,0
1,3,1,540.98,3,0,0
1,3,1,458.56,3,0,0
1,3,1,406.31,3,0,0
1,3,1,533.95,3,0,0
1,3,1,558.43,3,0,0
1,3,1,513.93,3,0,0
1,3,1,502.78,3,0,0
1,3,1,515.2,3,0,0
1,3,1,481.78,3,0,0
1,3,1,526.33,3,0,0
1,3,1,510.04,3,0,0
1,3,1,495.08,3,0,0
1,3,1,513.84,3,0,0
1,3,1,461.98,3,0,0
1,3,1,547.61,3,0,0
1,3,1,542.44,3,0,0
1,3,1,528.51,3,0,0
1,3,1,429.11,3,0,0
1,3,1,500.09,3,0,0
1,3,1,424.99,3,0,0
1,3,1,457.65,3,0,0
1,3,1,438.48,3,0,0
1,3,1,477.05,3,0,0
1,3,1,532.72,3,0,0
1,3,1,423.41,3,0,0
1,3,1,811.98,3,0,0
1,3,1,430.18,3,0,0
1,3,1,483.97,3,0,0
1,3,1,457.57,3,0,0
1,3,1,510.33,3,0,0
1,3,1,511.42,3,0,0
1,3,1,493.34,3,0,0
1,3,1,489.65,3,0,0
1,3,1,456.75,3,0,0
1,3,1,514.91,3,0,0
1,3,1,463.77,3,0,0
1,3,1,485.42,3,0,0
1,3,1,489.91,3,0,0
1,3,1,544.94,3,0,0
1,3,1,518.75,3,0,0
1,3,1,552.36,3,0,0
1,3,1,608.48,3,0,0
1,3,1,534.6,3,0,0
1,3,1,439.67,3,0,0
1,3,1,481.51,3,0,0
1,3,1,461.41,3,0,0
1,3,1,409.62,3,0,0
1,3,1,538.24,3,0,0
1,3,1,483.28,3,0,0
1,3,1,490.83,3,0,0
1,3,1,480.98,3,0,0
1,3,1,593.48,3,0,0
1,3,1,487.14,3,0,0
1,3,1,461.8,3,0,0
1,3,1,427.71,3,0,0
1,3,1,547.78,3,0,0
1,3,1,469.31,3,0,0
1,3,1,554.08,3,0,0
1,3,1,422.89,3,0,0
1,3,1,515.47,3,0,0
1,3,1,406.93,3,0,0
1,3,1,587.46,3,0,0
1,3,1,442.13,3,0,0
1,3,1,536.9,3,0,0
1,3,1,553.58,3,0,0
1,3,1,520.4,3,0,0
1,3,1,529.3,3,0,0
1,3,1,430.99,4,0,0
1,3,1,386.88,4,0,0
1,3,1,531.4,4,0,0
1,3,1,485.14,4,0,0
1,3,1,511.13,4,0,0
1,3,1,430.94,4,0,0
1,3,1,472.16,4,0,0
1,3,1,454.65,4,0,0
1,3,1,501.14,4,0,0
1,3,1,513.42,4,0,0
1,3,1,475.19,4,0,0
1,3,1,612.08,4,0,0
1,3,1,404.93,4,0,0
1,3,1,457.89,4,0,0
1,3,1,748.92,4,0,0
1,3,1,473.23,4,0,0
1,3,1,445.08,4,0,0
1,3,1,449.53,4,0,0
1,3,1,470.76,4,0,0
1,3,1,533.48,4,0,0
1,3,1,702.68,4,0,0
1,3,1,525.58,4,0,0
1,3,1,512.74,4,0,0
1,3,1,690.44,4,0,0
1,3,1,528.39,4,0,0
1,3,1,428.07,4,0,0
1,3,1,595.81,4,0,0
1,3,1,597.94,4,0,0
1,3,1,492.9,4,0,0
1,3,1,512.2,4,0,0
1,3,1,530.84,4,0,0
1,3,1,441.07,4,0,0
1,3,1,458.24,4,0,0
1,3,1,478.81,4,0,0
1,3,1,545.42,4,0,0
1,3,1,655.38,4,0,0
1,3,1,508.15,4,0,0
1,3,1,727.32,4,0,0
1,3,1,480.48,4,0,0
1,3,1,852.94,4,0,0
1,3,1,706.55,4,0,0
1,3,1,434.05,4,0,0
1,3,1,683.38,4,0,0
1,3,1,572.69,4,0,0
1,3,1,792.17,4,0,0
1,3,1,551.63,4,0,0
1,3,1,419.14,4,0,0
1,3,1,570.71,4,0,0
1,3,1,691.56,4,0,0
1,3,1,473.86,4,0,0
1,3,1,468.13,4,0,0
1,3,1,500.74,4,0,0
1,3,1,590.66,4,0,0
1,3,1,558.14,4,0,0
1,3,1,395.26,4,0,0
1,3,1,517.03,4,0,0
1,3,1,500.19,4,0,0
1,3,1,544.69,4,0,0
1,3,1,735.19,4,0,0
1,3,1,632.52,4,0,0
1,3,1,580.6,4,0,0
1,3,1,468.25,4,0,0
1,3,1,618.11,4,0,0
1,3,1,490.94,4,0,0
1,3,1,881.81,4,0,0
1,3,1,481.56,4,0,0
1,3,1,724.34,4,0,0
1,3,1,573.58,4,0,0
1,3,1,443.08,4,0,0
1,3,1,459.86,4,0,0
1,3,1,826.23,4,0,0
1,3,1,390.64,4,0,0
1,3,1,625.86,4,0,0
1,3,1,872.38,4,0,0
1,3,1,444.79,4,0,0
1,3,1,576.44,4,0,0
1,3,1,652.87,4,0,0
1,3,1,509.27,4,0,0
1,3,1,444.8,4,0,0
1,3,1,436,4,0,0
1,3,1,610.28,4,0,0
1,3,1,912.52,4,0,0
1,3,1,726.83,4,0,0
1,3,1,467.44,4,0,0
1,3,1,522.23,4,0,0
1,3,1,659.74,4,0,0
1,3,1,496.18,4,0,0
1,3,1,588.01,4,0,0
1,3,1,513.21,4,0,0
1,3,1,447.08,4,0,0
1,3,1,485.1,5,0,0
1,3,1,466.9,5,0,0
1,3,1,442.47,5,0,0
1,3,1,559.44,5,0,0
1,3,1,466.57,5,0,0
1,3,1,505.94,5,0,0
1,3,1,486.83,5,0,0
1,3,1,421.61,5,0,0
1,3,1,419.81,5,0,0
1,3,1,450.62,5,0,0
1,3,1,455.16,5,0,0
1,3,1,485.6,5,0,0
1,3,1,416.6,5,0,0
1,3,1,396.9,5,0,0
1,3,1,534.4,5,0,0
1,3,1,523.21,5,0,0
1,3,1,489.78,5,0,0
1,3,1,466.41,5,0,0
1,3,1,524.82,5,0,0
1,3,1,518.43,5,0,0
1,3,1,513.76,5,0,0
1,3,1,549.39,5,0,0
1,3,1,488.77,5,0,0
1,3,1,379.58,5,0,0
1,3,1,459.99,5,0,0
1,3,1,482.4,5,0,0
1,3,1,529.17,5,0,0
1,3,1,575.42,5,0,0
1,3,1,489.86,5,0,0
1,3,1,426.56,5,0,0
1,3,1,460.88,5,0,0
1,3,1,740.53,5,0,0
1,3,1,480.32,5,0,0
1,3,1,493.52,5,0,0
1,3,1,431.18,5,0,0
1,3,1,407.95,5,0,0
1,3,1,448.41,5,0,0
1,3,1,506.36,5,0,0
1,3,1,371.34,5,0,0
1,3,1,485.55,5,0,0
1,3,1,515.75,5,0,0
1,3,1,489.35,5,0,0
1,3,1,543.87,5,0,0
1,3,1,521.64,5,0,0
1,3,1,455.92,5,0,0
1,3,1,458.34,5,0,0
1,3,1,510.77,5,0,0
1,3,1,509.17,5,0,0
1,3,1,513.69,5,0,0
1,3,1,505.16,5,0,0
1,3,1,490.09,5,0,0
1,3,1,490.61,5,0,0
1,3,1,483.67,5,0,0
1,3,1,437.42,5,0,0
1,3,1,501.89,5,0,0
1,3,1,490.94,5,0,0
1,3,1,470.65,5,0,0
1,3,1,552.33,5,0,0
1,3,1,513.83,5,0,0
1,3,1,452.52,5,0,0
1,3,1,413.73,5,0,0
1,3,1,431.87,5,0,0
1,3,1,418.28,5,0,0
1,3,1,478.03,5,0,0
1,3,1,453.53,5,0,0
1,3,1,429.34,5,0,0
1,3,1,456.61,5,0,0
1,3,1,501.94,5,0,0
1,3,1,476.6,5,0,0
1,3,1,461.3,5,0,0
1,3,1,479.81,5,0,0
1,3,1,539.76,5,0,0
1,3,1,494.62,5,0,0
1,3,1,479.09,5,0,0
1,3,1,604.13,5,0,0
1,3,1,404.32,5,0,0
1,3,1,564.87,5,0,0
1,3,1,458.22,5,0,0
1,3,1,393.01,5,0,0
1,3,1,491.88,5,0,0
1,3,1,451.18,5,0,0
1,3,1,458.22,5,0,0
1,3,1,548.57,5,0,0
1,3,1,435.06,5,0,0
1,3,1,427.55,5,0,0
1,3,1,553.69,5,0,0
1,3,1,496.59,5,0,0
1,3,1,558.46,5,0,0
1,3,1,526.41,5,0,0
1,3,1,459.64,5,0,0
1,3,1,438.91,5,0,0
2,2,1,626.62,2,0,1
2,2,1,538.72,2,0,1
2,2,1,618.41,2,0,1
2,2,1,596.61,2,0,1
2,2,1,489.48,2,0,1
2,2,1,492.28,2,0,1
2,2,1,536.1,2,0,1
2,2,1,567.23,2,0,1
2,2,1,533.13,2,0,1
2,2,1,589.74,2,0,1
2,2,1,622.51,2,0,1
2,2,1,510.66,2,0,1
2,2,1,504.93,2,0,1
2,2,1,453.48,2,0,1
2,2,1,588.99,2,0,1
2,2,1,438.08,2,0,1
2,2,1,562.27,2,0,1
2,2,1,567.11,2,0,1
2,2,1,561.83,2,0,1
2,2,1,544.94,2,0,1
2,2,1,713.52,2,0,1
2,2,1,562.65,2,0,1
2,2,1,572.83,2,0,1
2,2,1,717.45,2,0,1
2,2,1,847.7,2,0,1
2,2,1,586.6,2,0,1
2,2,1,536.62,2,0,1
2,2,1,639.31,2,0,1
2,2,1,382.14,2,0,1
2,2,1,526.9,2,0,1
2,2,1,519.66,2,0,1
2,2,1,437.89,2,0,1
2,2,1,445.46,2,0,1
2,2,1,472.18,2,0,1
2,2,1,1089.9,2,0,1
2,2,1,696,2,0,1
2,2,1,547.19,2,0,1
2,2,1,671.58,2,0,1
2,2,1,685.15,2,0,1
2,2,1,539.86,2,0,1
2,2,1,716.76,2,0,1
2,2,1,595.68,2,0,1
2,2,1,457.97,2,0,1
2,2,1,598.3,2,0,1
2,2,1,484.48,2,0,1
2,2,1,518.47,2,0,1
2,2,1,617.44,2,0,1
2,2,1,572.06,2,0,1
2,2,1,554.72,2,0,1
2,2,1,759.64,2,0,1
2,2,1,484.06,2,0,1
2,2,1,535.43,2,0,1
2,2,1,791.83,2,0,1
2,2,1,480,2,0,1
2,2,1,452.81,2,0,1
2,2,1,579.18,2,0,1
2,2,1,580.56,2,0,1
2,2,1,515.85,2,0,1
2,2,1,480.99,2,0,1
2,2,1,546.71,2,0,1
2,2,1,639.16,2,0,1
2,2,1,508.08,2,0,1
2,2,1,672.89,2,0,1
2,2,1,466.11,2,0,1
2,2,1,453.89,2,0,1
2,2,1,617.62,2,0,1
2,2,1,693.4,2,0,1
2,2,1,475.16,2,0,1
2,2,1,472.63,2,0,1
2,2,1,747.82,2,0,1
2,2,1,493.41,2,0,1
2,2,1,434.24,2,0,1
2,2,1,441.55,2,0,1
2,2,1,551.96,2,0,1
2,2,1,620.25,2,0,1
2,2,1,533.28,2,0,1
2,2,1,504.67,2,0,1
2,2,1,578.35,2,0,1
2,2,1,431.83,2,0,1
2,2,1,333.99,2,0,1
2,2,1,544.39,2,0,1
2,2,1,459.09,2,0,1
2,2,1,439.3,2,0,1
2,2,1,477.22,2,0,1
2,2,1,599.52,2,0,1
2,2,1,584.53,2,0,1
2,2,1,565.85,2,0,1
2,2,1,542.57,2,0,1
2,2,1,676.55,2,0,1
2,2,1,435.11,2,0,1
2,2,1,467.33,2,0,1
2,2,1,848.81,2,0,1
2,2,1,889.92,3,0,1
2,2,1,742.5,3,0,1
2,2,1,616.49,3,0,1
2,2,1,702.63,3,0,1
2,2,1,476.17,3,0,1
2,2,1,785.64,3,0,1
2,2,1,608.34,3,0,1
2,2,1,581.44,3,0,1
2,2,1,577.45,3,0,1
2,2,1,656.17,3,0,1
2,2,1,723.44,3,0,1
2,2,1,529.58,3,0,1
2,2,1,724.03,3,0,1
2,2,1,593.84,3,0,1
2,2,1,646.41,3,0,1
2,2,1,388.55,3,0,1
2,2,1,608.53,3,0,1
2,2,1,448.14,3,0,1
2,2,1,631.91,3,0,1
2,2,1,772.16,3,0,1
2,2,1,510.35,3,0,1
2,2,1,579.96,3,0,1
2,2,1,538.76,3,0,1
2,2,1,518.2,3,0,1
2,2,1,435.13,3,0,1
2,2,1,545.37,3,0,1
2,2,1,592.76,3,0,1
2,2,1,517.65,3,0,1
2,2,1,543.63,3,0,1
2,2,1,650.2,3,0,1
2,2,1,395.4,3,0,1
2,2,1,618.32,3,0,1
2,2,1,535.27,3,0,1
2,2,1,436.47,3,0,1
2,2,1,532.82,3,0,1
2,2,1,591.49,3,0,1
2,2,1,616.62,3,0,1
2,2,1,629.62,3,0,1
2,2,1,537.96,3,0,1
2,2,1,556.71,3,0,1
2,2,1,548.59,3,0,1
2,2,1,564.26,3,0,1
2,2,1,1046.1,3,0,1
2,2,1,503.86,3,0,1
2,2,1,834.4,3,0,1
2,2,1,513.29,3,0,1
2,2,1,500.73,3,0,1
2,2,1,432.08,3,0,1
2,2,1,506.87,3,0,1
2,2,1,486.57,3,0,1
2,2,1,364.04,3,0,1
2,2,1,724.78,3,0,1
2,2,1,557.31,3,0,1
2,2,1,616.16,3,0,1
2,2,1,522.2,3,0,1
2,2,1,569.25,3,0,1
2,2,1,372.74,3,0,1
2,2,1,578.92,3,0,1
2,2,1,510.89,3,0,1
2,2,1,1152.6,3,0,1
2,2,1,466.87,3,0,1
2,2,1,506.09,3,0,1
2,2,1,596.43,3,0,1
2,2,1,588.1,3,0,1
2,2,1,520.45,3,0,1
2,2,1,558.58,3,0,1
2,2,1,590.45,3,0,1
2,2,1,527.98,3,0,1
2,2,1,517.33,3,0,1
2,2,1,571.54,3,0,1
2,2,1,576.52,3,0,1
2,2,1,561.21,3,0,1
2,2,1,542.57,3,0,1
2,2,1,452.03,3,0,1
2,2,1,477.62,3,0,1
2,2,1,490.79,3,0,1
2,2,1,892.66,3,0,1
2,2,1,885.8,3,0,1
2,2,1,420.15,3,0,1
2,2,1,571.69,3,0,1
2,2,1,542.81,3,0,1
2,2,1,508.87,3,0,1
2,2,1,552.27,3,0,1
2,2,1,529.26,3,0,1
2,2,1,501.06,3,0,1
2,2,1,462.38,3,0,1
2,2,1,539.58,3,0,1
2,2,1,485.01,3,0,1
2,2,1,460,3,0,1
2,2,1,653,3,0,1
2,2,1,819.06,3,0,1
2,2,1,490.76,3,0,1
2,2,1,571.12,4,0,1
2,2,1,477.23,4,0,1
2,2,1,544.55,4,0,1
2,2,1,579.29,4,0,1
2,2,1,465.07,4,0,1
2,2,1,456.35,4,0,1
2,2,1,497.43,4,0,1
2,2,1,414.35,4,0,1
2,2,1,478.33,4,0,1
2,2,1,563.98,4,0,1
2,2,1,485.9,4,0,1
2,2,1,517.73,4,0,1
2,2,1,536.74,4,0,1
2,2,1,545.55,4,0,1
2,2,1,444.53,4,0,1
2,2,1,521.79,4,0,1
2,2,1,584.42,4,0,1
2,2,1,489.25,4,0,1
2,2,1,600.88,4,0,1
2,2,1,537.42,4,0,1
2,2,1,557.06,4,0,1
2,2,1,443.13,4,0,1
2,2,1,717.58,4,0,1
2,2,1,605.21,4,0,1
2,2,1,511.23,4,0,1
2,2,1,560.28,4,0,1
2,2,1,550.3,4,0,1
2,2,1,507.54,4,0,1
2,2,1,502.69,4,0,1
2,2,1,467.63,4,0,1
2,2,1,494.76,4,0,1
2,2,1,484.59,4,0,1
2,2,1,450.7,4,0,1
2,2,1,488.62,4,0,1
2,2,1,516.94,4,0,1
2,2,1,1148.5,4,0,1
2,2,1,464.38,4,0,1
2,2,1,439.85,4,0,1
2,2,1,570.27,4,0,1
2,2,1,465.59,4,0,1
2,2,1,485.98,4,0,1
2,2,1,510.45,4,0,1
2,2,1,563.65,4,0,1
2,2,1,512.97,4,0,1
2,2,1,681.38,4,0,1
2,2,1,543.63,4,0,1
2,2,1,574.22,4,0,1
2,2,1,535.97,4,0,1
2,2,1,541.11,4,0,1
2,2,1,641.6,4,0,1
2,2,1,407.5,4,0,1
2,2,1,626.29,4,0,1
2,2,1,466.51,4,0,1
2,2,1,421.36,4,0,1
2,2,1,502.41,4,0,1
2,2,1,497.46,4,0,1
2,2,1,540.83,4,0,1
2,2,1,424.42,4,0,1
2,2,1,527.15,4,0,1
2,2,1,826.57,4,0,1
2,2,1,525.08,4,0,1
2,2,1,548.91,4,0,1
2,2,1,579.32,4,0,1
2,2,1,609.03,4,0,1
2,2,1,595.48,4,0,1
2,2,1,563.97,4,0,1
2,2,1,424.24,4,0,1
2,2,1,736.45,4,0,1
2,2,1,819.12,4,0,1
2,2,1,642.62,4,0,1
2,2,1,484.38,4,0,1
2,2,1,472.68,4,0,1
2,2,1,469.74,4,0,1
2,2,1,577.41,4,0,1
2,2,1,455.8,4,0,1
2,2,1,527.76,4,0,1
2,2,1,643.67,4,0,1
2,2,1,496.3,4,0,1
2,2,1,506.83,4,0,1
2,2,1,530.14,4,0,1
2,2,1,785.91,4,0,1
2,2,1,425.42,4,0,1
2,2,1,429.35,4,0,1
2,2,1,445.47,4,0,1
2,2,1,446.76,4,0,1
2,2,1,689.06,4,0,1
2,2,1,659.38,4,0,1
2,2,1,1033.5,4,0,1
2,2,1,436.5,4,0,1
2,2,1,446.94,4,0,1
2,2,1,717.61,4,0,1
2,2,1,464.59,5,0,1
2,2,1,553.61,5,0,1
2,2,1,530.6,5,0,1
2,2,1,529.15,5,0,1
2,2,1,482.34,5,0,1
2,2,1,545.8,5,0,1
2,2,1,548.65,5,0,1
2,2,1,510.92,5,0,1
2,2,1,449.26,5,0,1
2,2,1,499.13,5,0,1
2,2,1,485.82,5,0,1
2,2,1,497.9,5,0,1
2,2,1,445.02,5,0,1
2,2,1,485.56,5,0,1
2,2,1,483.69,5,0,1
2,2,1,438.86,5,0,1
2,2,1,484.17,5,0,1
2,2,1,459.98,5,0,1
2,2,1,538.25,5,0,1
2,2,1,610.94,5,0,1
2,2,1,416.01,5,0,1
2,2,1,456.77,5,0,1
2,2,1,530.04,5,0,1
2,2,1,429.74,5,0,1
2,2,1,420.61,5,0,1
2,2,1,465.66,5,0,1
2,2,1,430.12,5,0,1
2,2,1,455.48,5,0,1
2,2,1,453.85,5,0,1
2,2,1,532.09,5,0,1
2,2,1,502.02,5,0,1
2,2,1,444.63,5,0,1
2,2,1,423.6,5,0,1
2,2,1,392.39,5,0,1
2,2,1,401.86,5,0,1
2,2,1,506.76,5,0,1
2,2,1,565.1,5,0,1
2,2,1,1033.9,5,0,1
2,2,1,512,5,0,1
2,2,1,517.68,5,0,1
2,2,1,452.47,5,0,1
2,2,1,859.32,5,0,1
2,2,1,528.71,5,0,1
2,2,1,539.03,5,0,1
2,2,1,417.97,5,0,1
2,2,1,619.55,5,0,1
2,2,1,477.29,5,0,1
2,2,1,433.92,5,0,1
2,2,1,466.43,5,0,1
2,2,1,504.43,5,0,1
2,2,1,538.1,5,0,1
2,2,1,494.14,5,0,1
2,2,1,536.42,5,0,1
2,2,1,801.8,5,0,1
2,2,1,402.73,5,0,1
2,2,1,506.39,5,0,1
2,2,1,406.74,5,0,1
2,2,1,445.44,5,0,1
2,2,1,473.13,5,0,1
2,2,1,568.62,5,0,1
2,2,1,431,5,0,1
2,2,1,549.69,5,0,1
2,2,1,576.91,5,0,1
2,2,1,403.65,5,0,1
2,2,1,395.75,5,0,1
2,2,1,400.82,5,0,1
2,2,1,466.4,5,0,1
2,2,1,468.27,5,0,1
2,2,1,484.68,5,0,1
2,2,1,626.57,5,0,1
2,2,1,574.35,5,0,1
2,2,1,749.5,5,0,1
2,2,1,617.7,5,0,1
2,2,1,478.35,5,0,1
2,2,1,457.15,5,0,1
2,2,1,609.3,5,0,1
2,2,1,560.05,5,0,1
2,2,1,404.6,5,0,1
2,2,1,462.7,5,0,1
2,2,1,398.81,5,0,1
2,2,1,431.93,5,0,1
2,2,1,508.92,5,0,1
2,2,1,513.93,5,0,1
2,2,1,447.97,5,0,1
2,2,1,489.16,5,0,1
2,2,1,488.25,5,0,1
2,2,1,478,5,0,1
2,2,1,449.84,5,0,1
2,2,1,589.65,5,0,1
3,6,1,533.91,2,1,0
3,6,1,738.42,2,1,0
3,6,1,546.5,2,1,0
3,6,1,555.16,2,1,0
3,6,1,1051.8,2,1,0
3,6,1,512.72,2,1,0
3,6,1,924.47,2,1,0
3,6,1,519.56,2,1,0
3,6,1,1024.9,2,1,0
3,6,1,1187.3,2,1,0
3,6,1,920.14,2,1,0
3,6,1,519.28,2,1,0
3,6,1,956.72,2,1,0
3,6,1,674.28,2,1,0
3,6,1,879.85,2,1,0
3,6,1,964.09,2,1,0
3,6,1,1004.9,2,1,0
3,6,1,523.35,2,1,0
3,6,1,619.07,2,1,0
3,6,1,608.21,2,1,0
3,6,1,575.53,2,1,0
3,6,1,545.07,2,1,0
3,6,1,1405.3,2,1,0
3,6,1,550.69,2,1,0
3,6,1,508.57,2,1,0
3,6,1,666.32,2,1,0
3,6,1,874.45,2,1,0
3,6,1,656.7,2,1,0
3,6,1,1101.7,2,1,0
3,6,1,757.21,2,1,0
3,6,1,654.22,2,1,0
3,6,1,870.48,2,1,0
3,6,1,494.22,2,1,0
3,6,1,465.75,2,1,0
3,6,1,1264.8,2,1,0
3,6,1,1030.4,2,1,0
3,6,1,444.92,2,1,0
3,6,1,500.66,2,1,0
3,6,1,1131.1,2,1,0
3,6,1,557.48,2,1,0
3,6,1,551.66,2,1,0
3,6,1,756.46,2,1,0
3,6,1,565.69,2,1,0
3,6,1,964.75,2,1,0
3,6,1,522.98,2,1,0
3,6,1,426.12,2,1,0
3,6,1,958.16,2,1,0
3,6,1,513.2,2,1,0
3,6,1,500.9,2,1,0
3,6,1,554.76,2,1,0
3,6,1,660.25,2,1,0
3,6,1,836.04,2,1,0
3,6,1,920.16,2,1,0
3,6,1,940.02,2,1,0
3,6,1,809.34,2,1,0
3,6,1,654.6,2,1,0
3,6,1,422.13,2,1,0
3,6,1,502.93,2,1,0
3,6,1,501.41,2,1,0
3,6,1,605.41,2,1,0
3,6,1,836.75,2,1,0
3,6,1,706.03,2,1,0
3,6,1,1162.6,2,1,0
3,6,1,1056.1,2,1,0
3,6,1,863.45,2,1,0
3,6,1,1124.7,2,1,0
3,6,1,777.01,2,1,0
3,6,1,1059.7,2,1,0
3,6,1,515.53,2,1,0
3,6,1,585.92,2,1,0
3,6,1,643.96,2,1,0
3,6,1,564.2,2,1,0
3,6,1,729.22,2,1,0
3,6,1,444.47,2,1,0
3,6,1,1005.5,2,1,0
3,6,1,510.44,2,1,0
3,6,1,1168.5,2,1,0
3,6,1,548.04,2,1,0
3,6,1,1099.6,2,1,0
3,6,1,1226.3,2,1,0
3,6,1,581.42,2,1,0
3,6,1,1058.8,2,1,0
3,6,1,769.75,2,1,0
3,6,1,613.03,2,1,0
3,6,1,559.83,2,1,0
3,6,1,643.13,2,1,0
3,6,1,434.65,2,1,0
3,6,1,892.85,2,1,0
3,6,1,594.18,3,1,0
3,6,1,787.78,3,1,0
3,6,1,730.2,3,1,0
3,6,1,911.88,3,1,0
3,6,1,671.07,3,1,0
3,6,1,631.35,3,1,0
3,6,1,673.82,3,1,0
3,6,1,696.68,3,1,0
3,6,1,713.22,3,1,0
3,6,1,944.29,3,1,0
3,6,1,784.55,3,1,0
3,6,1,603.5,3,1,0
3,6,1,1185.5,3,1,0
3,6,1,600.1,3,1,0
3,6,1,740.31,3,1,0
3,6,1,711.78,3,1,0
3,6,1,582.52,3,1,0
3,6,1,502.3,3,1,0
3,6,1,944.5,3,1,0
3,6,1,1246.3,3,1,0
3,6,1,576.74,3,1,0
3,6,1,495.42,3,1,0
3,6,1,618.46,3,1,0
3,6,1,614.15,3,1,0
3,6,1,779.2,3,1,0
3,6,1,686.36,3,1,0
3,6,1,570.61,3,1,0
3,6,1,583.32,3,1,0
3,6,1,677.65,3,1,0
3,6,1,895.71,3,1,0
3,6,1,572.02,3,1,0
3,6,1,760.53,3,1,0
3,6,1,521.35,3,1,0
3,6,1,677.21,3,1,0
3,6,1,741.14,3,1,0
3,6,1,703.18,3,1,0
3,6,1,673.03,3,1,0
3,6,1,579.52,3,1,0
3,6,1,940.37,3,1,0
3,6,1,689.11,3,1,0
3,6,1,416.47,3,1,0
3,6,1,779.87,3,1,0
3,6,1,611.54,3,1,0
3,6,1,539.82,3,1,0
3,6,1,533.21,3,1,0
3,6,1,417.47,3,1,0
3,6,1,1023.8,3,1,0
3,6,1,649.84,3,1,0
3,6,1,586.04,3,1,0
3,6,1,619.91,3,1,0
3,6,1,821.74,3,1,0
3,6,1,557.32,3,1,0
3,6,1,685.76,3,1,0
3,6,1,467.73,3,1,0
3,6,1,996.89,3,1,0
3,6,1,522.77,3,1,0
3,6,1,535.1,3,1,0
3,6,1,759.14,3,1,0
3,6,1,1385.1,3,1,0
3,6,1,580.33,3,1,0
3,6,1,507.41,3,1,0
3,6,1,636.62,3,1,0
3,6,1,898.11,3,1,0
3,6,1,536.65,3,1,0
3,6,1,596.88,3,1,0
3,6,1,957.53,3,1,0
3,6,1,893.82,3,1,0
3,6,1,438.08,3,1,0
3,6,1,448.23,3,1,0
3,6,1,537.65,3,1,0
3,6,1,743.78,3,1,0
3,6,1,464.9,3,1,0
3,6,1,1091.7,3,1,0
3,6,1,470.47,3,1,0
3,6,1,510.03,3,1,0
3,6,1,598.34,3,1,0
3,6,1,463.32,3,1,0
3,6,1,659.41,3,1,0
3,6,1,552.25,3,1,0
3,6,1,739.45,3,1,0
3,6,1,778.27,3,1,0
3,6,1,627.82,3,1,0
3,6,1,647.01,3,1,0
3,6,1,547.98,3,1,0
3,6,1,476.29,3,1,0
3,6,1,689.89,4,1,0
3,6,1,595.67,4,1,0
3,6,1,523.34,4,1,0
3,6,1,694.21,4,1,0
3,6,1,605.06,4,1,0
3,6,1,660.17,4,1,0
3,6,1,458.33,4,1,0
3,6,1,500.17,4,1,0
3,6,1,509.7,4,1,0
3,6,1,648.23,4,1,0
3,6,1,595.47,4,1,0
3,6,1,405.14,4,1,0
3,6,1,533.41,4,1,0
3,6,1,626.28,4,1,0
3,6,1,502.53,4,1,0
3,6,1,743.87,4,1,0
3,6,1,595.43,4,1,0
3,6,1,439.11,4,1,0
3,6,1,1142.7,4,1,0
3,6,1,645.28,4,1,0
3,6,1,661.62,4,1,0
3,6,1,466.6,4,1,0
3,6,1,773.94,4,1,0
3,6,1,671.09,4,1,0
3,6,1,692.57,4,1,0
3,6,1,664.65,4,1,0
3,6,1,1124.7,4,1,0
3,6,1,678.97,4,1,0
3,6,1,539.28,4,1,0
3,6,1,528.46,4,1,0
3,6,1,497.03,4,1,0
3,6,1,390.47,4,1,0
3,6,1,494.58,4,1,0
3,6,1,1163.1,4,1,0
3,6,1,738.17,4,1,0
3,6,1,654.05,4,1,0
3,6,1,692.1,4,1,0
3,6,1,647.63,4,1,0
3,6,1,1035.9,4,1,0
3,6,1,1052.8,4,1,0
3,6,1,501.82,4,1,0
3,6,1,669.72,4,1,0
3,6,1,538,4,1,0
3,6,1,833.36,4,1,0
3,6,1,717.75,4,1,0
3,6,1,784.31,4,1,0
3,6,1,1011.7,4,1,0
3,6,1,417.79,4,1,0
3,6,1,482.55,4,1,0
3,6,1,482.9,4,1,0
3,6,1,831.18,4,1,0
3,6,1,456.01,4,1,0
3,6,1,448.29,4,1,0
3,6,1,1082.1,4,1,0
3,6,1,938.86,4,1,0
3,6,1,647.91,4,1,0
3,6,1,554.01,4,1,0
3,6,1,820.54,4,1,0
3,6,1,729.72,4,1,0
3,6,1,706.59,4,1,0
3,6,1,552.79,4,1,0
3,6,1,499.31,4,1,0
3,6,1,530.87,4,1,0
3,6,1,487.21,4,1,0
3,6,1,533.75,4,1,0
3,6,1,466.45,4,1,0
3,6,1,510.28,4,1,0
3,6,1,502.56,4,1,0
3,6,1,475.65,4,1,0
3,6,1,586.58,4,1,0
3,6,1,547.25,4,1,0
3,6,1,535.38,4,1,0
3,6,1,388.25,4,1,0
3,6,1,391.72,4,1,0
3,6,1,587.13,4,1,0
3,6,1,548.43,4,1,0
3,6,1,1138.1,4,1,0
3,6,1,572.02,4,1,0
3,6,1,1384.9,4,1,0
3,6,1,477.52,4,1,0
3,6,1,643.71,4,1,0
3,6,1,637.67,4,1,0
3,6,1,582.59,4,1,0
3,6,1,1142.7,4,1,0
3,6,1,434.66,4,1,0
3,6,1,700.34,4,1,0
3,6,1,954.15,4,1,0
3,6,1,395.19,4,1,0
3,6,1,458.61,5,1,0
3,6,1,544.8,5,1,0
3,6,1,985.79,5,1,0
3,6,1,542.92,5,1,0
3,6,1,834.32,5,1,0
3,6,1,506.12,5,1,0
3,6,1,532.76,5,1,0
3,6,1,527.11,5,1,0
3,6,1,444.62,5,1,0
3,6,1,492.52,5,1,0
3,6,1,458.01,5,1,0
3,6,1,600.75,5,1,0
3,6,1,530.41,5,1,0
3,6,1,462.6,5,1,0
3,6,1,411.33,5,1,0
3,6,1,615.39,5,1,0
3,6,1,394.22,5,1,0
3,6,1,528.04,5,1,0
3,6,1,849.33,5,1,0
3,6,1,714.46,5,1,0
3,6,1,454.93,5,1,0
3,6,1,462.33,5,1,0
3,6,1,509.19,5,1,0
3,6,1,532.59,5,1,0
3,6,1,1070.8,5,1,0
3,6,1,423.46,5,1,0
3,6,1,734.42,5,1,0
3,6,1,523.33,5,1,0
3,6,1,484.67,5,1,0
3,6,1,831.99,5,1,0
3,6,1,703.73,5,1,0
3,6,1,499.49,5,1,0
3,6,1,696.99,5,1,0
3,6,1,706.21,5,1,0
3,6,1,1094.7,5,1,0
3,6,1,797.9,5,1,0
3,6,1,702.23,5,1,0
3,6,1,1139.5,5,1,0
3,6,1,582.09,5,1,0
3,6,1,636.3,5,1,0
3,6,1,518.12,5,1,0
3,6,1,506.56,5,1,0
3,6,1,765.73,5,1,0
3,6,1,527.64,5,1,0
3,6,1,520.35,5,1,0
3,6,1,609.32,5,1,0
3,6,1,472.74,5,1,0
3,6,1,478.3,5,1,0
3,6,1,876.65,5,1,0
3,6,1,488.44,5,1,0
3,6,1,433.98,5,1,0
3,6,1,886.24,5,1,0
3,6,1,612.36,5,1,0
3,6,1,493.8,5,1,0
3,6,1,547.25,5,1,0
3,6,1,483.13,5,1,0
3,6,1,385.96,5,1,0
3,6,1,429.63,5,1,0
3,6,1,558.45,5,1,0
3,6,1,636.16,5,1,0
3,6,1,483.67,5,1,0
3,6,1,537.18,5,1,0
3,6,1,442.83,5,1,0
3,6,1,435.81,5,1,0
3,6,1,938.35,5,1,0
3,6,1,1203.8,5,1,0
3,6,1,510.04,5,1,0
3,6,1,548.95,5,1,0
3,6,1,1317.3,5,1,0
3,6,1,420.25,5,1,0
3,6,1,456.43,5,1,0
3,6,1,547.34,5,1,0
3,6,1,464.14,5,1,0
3,6,1,424.11,5,1,0
3,6,1,442.35,5,1,0
3,6,1,1204.6,5,1,0
3,6,1,538.45,5,1,0
3,6,1,588.46,5,1,0
3,6,1,1246.5,5,1,0
3,6,1,395.87,5,1,0
3,6,1,558.46,5,1,0
3,6,1,566.18,5,1,0
3,6,1,830.16,5,1,0
4,5,1,795.67,2,1,1
4,5,1,871.64,2,1,1
4,5,1,511.19,2,1,1
4,5,1,911.45,2,1,1
4,5,1,734.58,2,1,1
4,5,1,915.52,2,1,1
4,5,1,846.48,2,1,1
4,5,1,772.11,2,1,1
4,5,1,716.06,2,1,1
4,5,1,722.43,2,1,1
4,5,1,567.01,2,1,1
4,5,1,904.67,2,1,1
4,5,1,792.42,2,1,1
4,5,1,1300.3,2,1,1
4,5,1,1191.9,2,1,1
4,5,1,742.89,2,1,1
4,5,1,714.32,2,1,1
4,5,1,967.88,2,1,1
4,5,1,691.56,2,1,1
4,5,1,983.77,2,1,1
4,5,1,797.37,2,1,1
4,5,1,1000.6,2,1,1
4,5,1,855.94,2,1,1
4,5,1,1539.4,2,1,1
4,5,1,1305.6,2,1,1
4,5,1,841.51,2,1,1
4,5,1,1193.3,2,1,1
4,5,1,874.53,2,1,1
4,5,1,1058,2,1,1
4,5,1,983.11,2,1,1
4,5,1,781.27,2,1,1
4,5,1,672.76,2,1,1
4,5,1,674.32,2,1,1
4,5,1,920.14,2,1,1
4,5,1,775.54,2,1,1
4,5,1,558.27,2,1,1
4,5,1,618.39,2,1,1
4,5,1,592.81,2,1,1
4,5,1,876.08,2,1,1
4,5,1,1276.9,2,1,1
4,5,1,831.16,2,1,1
4,5,1,1314.4,2,1,1
4,5,1,866.52,2,1,1
4,5,1,1283,2,1,1
4,5,1,608.86,2,1,1
4,5,1,743.6,2,1,1
4,5,1,823.12,2,1,1
4,5,1,622.54,2,1,1
4,5,1,512.13,2,1,1
4,5,1,539.58,2,1,1
4,5,1,552.89,2,1,1
4,5,1,379.14,2,1,1
4,5,1,547.07,2,1,1
4,5,1,969,2,1,1
4,5,1,851.82,2,1,1
4,5,1,759.97,2,1,1
4,5,1,809.36,2,1,1
4,5,1,764.84,2,1,1
4,5,1,601.2,2,1,1
4,5,1,778.1,2,1,1
4,5,1,709.2,2,1,1
4,5,1,855.38,2,1,1
4,5,1,492.97,2,1,1
4,5,1,887.78,2,1,1
4,5,1,889.9,2,1,1
4,5,1,888.3,2,1,1
4,5,1,623.27,2,1,1
4,5,1,837.84,2,1,1
4,5,1,1062,2,1,1
4,5,1,796.78,2,1,1
4,5,1,870,2,1,1
4,5,1,460.38,2,1,1
4,5,1,812.66,3,1,1
4,5,1,897.77,3,1,1
4,5,1,1062,3,1,1
4,5,1,654.26,3,1,1
4,5,1,658.2,3,1,1
4,5,1,762.82,3,1,1
4,5,1,904.31,3,1,1
4,5,1,681.38,3,1,1
4,5,1,919.26,3,1,1
4,5,1,636.08,3,1,1
4,5,1,940.98,3,1,1
4,5,1,667.83,3,1,1
4,5,1,772.74,3,1,1
4,5,1,859.14,3,1,1
4,5,1,666.73,3,1,1
4,5,1,862.46,3,1,1
4,5,1,757.68,3,1,1
4,5,1,641.33,3,1,1
4,5,1,705.23,3,1,1
4,5,1,448.13,3,1,1
4,5,1,612.49,3,1,1
4,5,1,629.98,3,1,1
4,5,1,814.89,3,1,1
4,5,1,1012.7,3,1,1
4,5,1,1054,3,1,1
4,5,1,694.43,3,1,1
4,5,1,593.52,3,1,1
4,5,1,655.75,3,1,1
4,5,1,724.44,3,1,1
4,5,1,645.84,3,1,1
4,5,1,583.82,3,1,1
4,5,1,906.06,3,1,1
4,5,1,752.17,3,1,1
4,5,1,644.61,3,1,1
4,5,1,671.24,3,1,1
4,5,1,1078.1,3,1,1
4,5,1,674.3,3,1,1
4,5,1,836.9,3,1,1
4,5,1,684.33,3,1,1
4,5,1,657.19,3,1,1
4,5,1,718.16,3,1,1
4,5,1,479.27,3,1,1
4,5,1,678.57,3,1,1
4,5,1,750.2,3,1,1
4,5,1,589.15,3,1,1
4,5,1,552.43,3,1,1
4,5,1,662.96,3,1,1
4,5,1,560.41,3,1,1
4,5,1,888.85,3,1,1
4,5,1,770,3,1,1
4,5,1,798.79,3,1,1
4,5,1,613.88,3,1,1
4,5,1,588.23,3,1,1
4,5,1,590.12,3,1,1
4,5,1,834.39,3,1,1
4,5,1,714.03,3,1,1
4,5,1,973.28,3,1,1
4,5,1,1182.4,3,1,1
4,5,1,633.84,3,1,1
4,5,1,925.21,3,1,1
4,5,1,545.5,3,1,1
4,5,1,580.41,3,1,1
4,5,1,596.18,3,1,1
4,5,1,715.39,3,1,1
4,5,1,519.84,3,1,1
4,5,1,780.65,3,1,1
4,5,1,590.45,3,1,1
4,5,1,587.43,3,1,1
4,5,1,756.98,3,1,1
4,5,1,728.29,3,1,1
4,5,1,493.19,3,1,1
4,5,1,704.2,3,1,1
4,5,1,646.55,3,1,1
4,5,1,702.04,3,1,1
4,5,1,739,3,1,1
4,5,1,767.67,3,1,1
4,5,1,631.74,3,1,1
4,5,1,621.62,3,1,1
4,5,1,699.27,3,1,1
4,5,1,519.01,3,1,1
4,5,1,654.04,3,1,1
4,5,1,613.94,3,1,1
4,5,1,572.85,3,1,1
4,5,1,636.51,3,1,1
4,5,1,549.9,3,1,1
4,5,1,617.04,3,1,1
4,5,1,558.11,4,1,1
4,5,1,385.49,4,1,1
4,5,1,712.16,4,1,1
4,5,1,685.51,4,1,1
4,5,1,723.11,4,1,1
4,5,1,1111.8,4,1,1
4,5,1,620.47,4,1,1
4,5,1,910.2,4,1,1
4,5,1,785.32,4,1,1
4,5,1,451.64,4,1,1
4,5,1,635.08,4,1,1
4,5,1,411.29,4,1,1
4,5,1,1516,4,1,1
4,5,1,1008,4,1,1
4,5,1,680.88,4,1,1
4,5,1,591.27,4,1,1
4,5,1,694.2,4,1,1
4,5,1,602.48,4,1,1
4,5,1,578.38,4,1,1
4,5,1,779.1,4,1,1
4,5,1,934.18,4,1,1
4,5,1,655.56,4,1,1
4,5,1,1127.1,4,1,1
4,5,1,548.14,4,1,1
4,5,1,960,4,1,1
4,5,1,665.06,4,1,1
4,5,1,646.33,4,1,1
4,5,1,677.57,4,1,1
4,5,1,800.34,4,1,1
4,5,1,594.01,4,1,1
4,5,1,699.11,4,1,1
4,5,1,593.69,4,1,1
4,5,1,493.62,4,1,1
4,5,1,1011.8,4,1,1
4,5,1,573.02,4,1,1
4,5,1,800,4,1,1
4,5,1,652.02,4,1,1
4,5,1,626.39,4,1,1
4,5,1,603.2,4,1,1
4,5,1,563.55,4,1,1
4,5,1,1047.9,4,1,1
4,5,1,837.54,4,1,1
4,5,1,573.82,4,1,1
4,5,1,827.18,4,1,1
4,5,1,475.51,4,1,1
4,5,1,434.35,4,1,1
4,5,1,601.81,4,1,1
4,5,1,613.06,4,1,1
4,5,1,445.26,4,1,1
4,5,1,389.41,4,1,1
4,5,1,472.45,4,1,1
4,5,1,438.64,4,1,1
4,5,1,1284.8,4,1,1
4,5,1,562.49,4,1,1
4,5,1,712.04,4,1,1
4,5,1,629.2,4,1,1
4,5,1,1008.2,4,1,1
4,5,1,478.8,4,1,1
4,5,1,575.15,4,1,1
4,5,1,626.48,4,1,1
4,5,1,503.57,4,1,1
4,5,1,1218,4,1,1
4,5,1,483.4,4,1,1
4,5,1,517.77,4,1,1
4,5,1,522.15,4,1,1
4,5,1,686.91,4,1,1
4,5,1,520.63,4,1,1
4,5,1,597.29,4,1,1
4,5,1,548.47,4,1,1
4,5,1,420,4,1,1
4,5,1,606.56,4,1,1
4,5,1,868.42,4,1,1
4,5,1,962.27,4,1,1
4,5,1,1390.5,4,1,1
4,5,1,946.44,4,1,1
4,5,1,492.94,4,1,1
4,5,1,566.63,4,1,1
4,5,1,684.48,4,1,1
4,5,1,683.27,4,1,1
4,5,1,646.54,4,1,1
4,5,1,567.13,5,1,1
4,5,1,532.99,5,1,1
4,5,1,476.72,5,1,1
4,5,1,682,5,1,1
4,5,1,594.82,5,1,1
4,5,1,623.14,5,1,1
4,5,1,528.06,5,1,1
4,5,1,769.45,5,1,1
4,5,1,552.03,5,1,1
4,5,1,824.31,5,1,1
4,5,1,504.75,5,1,1
4,5,1,527.04,5,1,1
4,5,1,556.06,5,1,1
4,5,1,896.2,5,1,1
4,5,1,586.3,5,1,1
4,5,1,476.46,5,1,1
4,5,1,505.14,5,1,1
4,5,1,579.89,5,1,1
4,5,1,682.62,5,1,1
4,5,1,654.85,5,1,1
4,5,1,559.11,5,1,1
4,5,1,582.3,5,1,1
4,5,1,544.14,5,1,1
4,5,1,659.31,5,1,1
4,5,1,558.33,5,1,1
4,5,1,504.17,5,1,1
4,5,1,517.49,5,1,1
4,5,1,838.22,5,1,1
4,5,1,484.16,5,1,1
4,5,1,727.93,5,1,1
4,5,1,690.44,5,1,1
4,5,1,582.06,5,1,1
4,5,1,479.32,5,1,1
4,5,1,619.97,5,1,1
4,5,1,670.5,5,1,1
4,5,1,744.77,5,1,1
4,5,1,717.43,5,1,1
4,5,1,449.02,5,1,1
4,5,1,553.93,5,1,1
4,5,1,565.83,5,1,1
4,5,1,478.61,5,1,1
4,5,1,532.52,5,1,1
4,5,1,504.22,5,1,1
4,5,1,516.51,5,1,1
4,5,1,715.08,5,1,1
4,5,1,753.88,5,1,1
4,5,1,542.93,5,1,1
4,5,1,571.64,5,1,1
4,5,1,684.55,5,1,1
4,5,1,453.45,5,1,1
4,5,1,522.19,5,1,1
4,5,1,676.8,5,1,1
4,5,1,475.33,5,1,1
4,5,1,602.8,5,1,1
4,5,1,678.14,5,1,1
4,5,1,508.41,5,1,1
4,5,1,660.12,5,1,1
4,5,1,531.66,5,1,1
4,5,1,415.82,5,1,1
4,5,1,702.56,5,1,1
4,5,1,708.94,5,1,1
4,5,1,804.08,5,1,1
4,5,1,489.21,5,1,1
4,5,1,573.22,5,1,1
4,5,1,482.98,5,1,1
4,5,1,803.41,5,1,1
4,5,1,734.15,5,1,1
4,5,1,533.49,5,1,1
4,5,1,1060.1,5,1,1
4,5,1,497.62,5,1,1
4,5,1,582.22,5,1,1
4,5,1,508.82,5,1,1
4,5,1,662.02,5,1,1
4,5,1,483.67,5,1,1
4,5,1,621.06,5,1,1
5,1,1,589.07,2,NaN,NaN
5,1,1,1002.9,2,NaN,NaN
5,1,1,833.88,2,NaN,NaN
5,1,1,1556.5,2,NaN,NaN
5,1,1,806.18,2,NaN,NaN
5,1,1,616.41,2,NaN,NaN
5,1,1,432.53,2,NaN,NaN
5,1,1,733.91,2,NaN,NaN
5,1,1,368.12,2,NaN,NaN
5,1,1,616.29,2,NaN,NaN
5,1,1,813.77,2,NaN,NaN
5,1,1,1334,2,NaN,NaN
5,1,1,822.25,2,NaN,NaN
5,1,1,615.36,2,NaN,NaN
5,1,1,419.49,2,NaN,NaN
5,1,1,460.63,2,NaN,NaN
5,1,1,638.95,2,NaN,NaN
5,1,1,1233.6,2,NaN,NaN
5,1,1,821.21,2,NaN,NaN
5,1,1,590.77,2,NaN,NaN
5,1,1,641.47,2,NaN,NaN
5,1,1,432.61,2,NaN,NaN
5,1,1,586.13,2,NaN,NaN
5,1,1,846.92,2,NaN,NaN
5,1,1,469.83,2,NaN,NaN
5,1,1,453.29,2,NaN,NaN
5,1,1,507.56,2,NaN,NaN
5,1,1,775.15,2,NaN,NaN
5,1,1,1090.9,2,NaN,NaN
5,1,1,691.42,2,NaN,NaN
5,1,1,493.03,2,NaN,NaN
5,1,1,835.68,2,NaN,NaN
5,1,1,707.17,2,NaN,NaN
5,1,1,539.53,2,NaN,NaN
5,1,1,550.69,2,NaN,NaN
5,1,1,836.72,2,NaN,NaN
5,1,1,618.16,2,NaN,NaN
5,1,1,488.79,2,NaN,NaN
5,1,1,628.95,2,NaN,NaN
5,1,1,570.38,2,NaN,NaN
5,1,1,634.64,2,NaN,NaN
5,1,1,905.35,2,NaN,NaN
5,1,1,673.38,2,NaN,NaN
5,1,1,452.29,2,NaN,NaN
5,1,1,376.49,2,NaN,NaN
5,1,1,794.06,2,NaN,NaN
5,1,1,1077.6,2,NaN,NaN
5,1,1,743.47,2,NaN,NaN
5,1,1,686.55,2,NaN,NaN
5,1,1,499.88,2,NaN,NaN
5,1,1,651.6,2,NaN,NaN
5,1,1,487.62,2,NaN,NaN
5,1,1,579.18,2,NaN,NaN
5,1,1,616.94,2,NaN,NaN
5,1,1,757.58,2,NaN,NaN
5,1,1,510.76,2,NaN,NaN
5,1,1,537.41,2,NaN,NaN
5,1,1,763.51,2,NaN,NaN
5,1,1,378.44,2,NaN,NaN
5,1,1,515.82,2,NaN,NaN
5,1,1,1215.1,2,NaN,NaN
5,1,1,621.32,2,NaN,NaN
5,1,1,498.36,2,NaN,NaN
5,1,1,490.77,2,NaN,NaN
5,1,1,710.13,2,NaN,NaN
5,1,1,675.84,2,NaN,NaN
5,1,1,455.44,2,NaN,NaN
5,1,1,587.77,2,NaN,NaN
5,1,1,502.26,2,NaN,NaN
5,1,1,413.89,2,NaN,NaN
5,1,1,468.35,2,NaN,NaN
5,1,1,530.91,2,NaN,NaN
5,1,1,806.85,2,NaN,NaN
5,1,1,611.39,2,NaN,NaN
5,1,1,497.67,2,NaN,NaN
5,1,1,1046.7,2,NaN,NaN
5,1,1,507.07,2,NaN,NaN
5,1,1,501.06,2,NaN,NaN
5,1,1,390.3,2,NaN,NaN
5,1,1,867.09,2,NaN,NaN
5,1,1,650.47,2,NaN,NaN
5,1,1,497.78,2,NaN,NaN
5,1,1,637.56,3,NaN,NaN
5,1,1,780.22,3,NaN,NaN
5,1,1,721.73,3,NaN,NaN
5,1,1,1157.3,3,NaN,NaN
5,1,1,875.88,3,NaN,NaN
5,1,1,571.56,3,NaN,NaN
5,1,1,1083.3,3,NaN,NaN
5,1,1,1331.8,3,NaN,NaN
5,1,1,609.85,3,NaN,NaN
5,1,1,607.43,3,NaN,NaN
5,1,1,568.92,3,NaN,NaN
5,1,1,581.66,3,NaN,NaN
5,1,1,688.82,3,NaN,NaN
5,1,1,671.56,3,NaN,NaN
5,1,1,639.57,3,NaN,NaN
5,1,1,356.63,3,NaN,NaN
5,1,1,560.79,3,NaN,NaN
5,1,1,495.1,3,NaN,NaN
5,1,1,747.5,3,NaN,NaN
5,1,1,616.74,3,NaN,NaN
5,1,1,980.02,3,NaN,NaN
5,1,1,540.14,3,NaN,NaN
5,1,1,603.85,3,NaN,NaN
5,1,1,571.6,3,NaN,NaN
5,1,1,605.69,3,NaN,NaN
5,1,1,525.01,3,NaN,NaN
5,1,1,505.11,3,NaN,NaN
5,1,1,695.87,3,NaN,NaN
5,1,1,724.01,3,NaN,NaN
5,1,1,574.81,3,NaN,NaN
5,1,1,399.61,3,NaN,NaN
5,1,1,700.21,3,NaN,NaN
5,1,1,672.36,3,NaN,NaN
5,1,1,448.6,3,NaN,NaN
5,1,1,913.58,3,NaN,NaN
5,1,1,992.46,3,NaN,NaN
5,1,1,489.49,3,NaN,NaN
5,1,1,979.85,3,NaN,NaN
5,1,1,1510.1,3,NaN,NaN
5,1,1,588.01,3,NaN,NaN
5,1,1,638.82,3,NaN,NaN
5,1,1,581.88,3,NaN,NaN
5,1,1,509.98,3,NaN,NaN
5,1,1,610.76,3,NaN,NaN
5,1,1,556.99,3,NaN,NaN
5,1,1,1400.1,3,NaN,NaN
5,1,1,534.25,3,NaN,NaN
5,1,1,979.71,3,NaN,NaN
5,1,1,794.05,3,NaN,NaN
5,1,1,838.87,3,NaN,NaN
5,1,1,634.1,3,NaN,NaN
5,1,1,492.43,3,NaN,NaN
5,1,1,659.01,3,NaN,NaN
5,1,1,573.27,3,NaN,NaN
5,1,1,641.11,3,NaN,NaN
5,1,1,1003.5,3,NaN,NaN
5,1,1,457.04,3,NaN,NaN
5,1,1,552.56,3,NaN,NaN
5,1,1,691.68,3,NaN,NaN
5,1,1,574.76,3,NaN,NaN
5,1,1,531.84,3,NaN,NaN
5,1,1,483.46,3,NaN,NaN
5,1,1,1534.6,3,NaN,NaN
5,1,1,651.88,3,NaN,NaN
5,1,1,457.97,3,NaN,NaN
5,1,1,763.69,3,NaN,NaN
5,1,1,591.83,3,NaN,NaN
5,1,1,454.95,3,NaN,NaN
5,1,1,675.41,3,NaN,NaN
5,1,1,601.06,3,NaN,NaN
5,1,1,1206.4,3,NaN,NaN
5,1,1,606.08,3,NaN,NaN
5,1,1,495.51,3,NaN,NaN
5,1,1,862.71,3,NaN,NaN
5,1,1,366.19,3,NaN,NaN
5,1,1,522.34,3,NaN,NaN
5,1,1,603.71,3,NaN,NaN
5,1,1,411.89,3,NaN,NaN
5,1,1,508.45,3,NaN,NaN
5,1,1,539.19,3,NaN,NaN
5,1,1,663.44,3,NaN,NaN
5,1,1,491,3,NaN,NaN
5,1,1,579.93,3,NaN,NaN
5,1,1,631.96,3,NaN,NaN
5,1,1,395.02,3,NaN,NaN
5,1,1,675.77,4,NaN,NaN
5,1,1,1019,4,NaN,NaN
5,1,1,520.22,4,NaN,NaN
5,1,1,630.06,4,NaN,NaN
5,1,1,449.92,4,NaN,NaN
5,1,1,488.07,4,NaN,NaN
5,1,1,520.63,4,NaN,NaN
5,1,1,476.44,4,NaN,NaN
5,1,1,622.44,4,NaN,NaN
5,1,1,572.37,4,NaN,NaN
5,1,1,583.58,4,NaN,NaN
5,1,1,371.96,4,NaN,NaN
5,1,1,467.04,4,NaN,NaN
5,1,1,380.39,4,NaN,NaN
5,1,1,600.97,4,NaN,NaN
5,1,1,685.04,4,NaN,NaN
5,1,1,598.34,4,NaN,NaN
5,1,1,390.48,4,NaN,NaN
5,1,1,503.57,4,NaN,NaN
5,1,1,529.34,4,NaN,NaN
5,1,1,840.72,4,NaN,NaN
5,1,1,715.73,4,NaN,NaN
5,1,1,530.45,4,NaN,NaN
5,1,1,593.76,4,NaN,NaN
5,1,1,621.9,4,NaN,NaN
5,1,1,558.73,4,NaN,NaN
5,1,1,443.84,4,NaN,NaN
5,1,1,513.24,4,NaN,NaN
5,1,1,544.28,4,NaN,NaN
5,1,1,745.33,4,NaN,NaN
5,1,1,720.62,4,NaN,NaN
5,1,1,723.92,4,NaN,NaN
5,1,1,500.88,4,NaN,NaN
5,1,1,996.82,4,NaN,NaN
5,1,1,480.34,4,NaN,NaN
5,1,1,1079.5,4,NaN,NaN
5,1,1,806.19,4,NaN,NaN
5,1,1,443.27,4,NaN,NaN
5,1,1,701.82,4,NaN,NaN
5,1,1,522.28,4,NaN,NaN
5,1,1,383.7,4,NaN,NaN
5,1,1,798.97,4,NaN,NaN
5,1,1,474.6,4,NaN,NaN
5,1,1,661.33,4,NaN,NaN
5,1,1,1003.2,4,NaN,NaN
5,1,1,561.95,4,NaN,NaN
5,1,1,537.18,4,NaN,NaN
5,1,1,523.8,4,NaN,NaN
5,1,1,478.52,4,NaN,NaN
5,1,1,397.69,4,NaN,NaN
5,1,1,489.87,4,NaN,NaN
5,1,1,918.4,4,NaN,NaN
5,1,1,512.57,4,NaN,NaN
5,1,1,487.7,4,NaN,NaN
5,1,1,765.58,4,NaN,NaN
5,1,1,1041.9,4,NaN,NaN
5,1,1,501.47,4,NaN,NaN
5,1,1,556.95,4,NaN,NaN
5,1,1,827.77,4,NaN,NaN
5,1,1,434.33,4,NaN,NaN
5,1,1,417.81,4,NaN,NaN
5,1,1,506.74,4,NaN,NaN
5,1,1,579.1,4,NaN,NaN
5,1,1,375.91,4,NaN,NaN
5,1,1,531.7,4,NaN,NaN
5,1,1,493.39,4,NaN,NaN
5,1,1,218.81,4,NaN,NaN
5,1,1,903.94,4,NaN,NaN
5,1,1,1284.1,4,NaN,NaN
5,1,1,611.21,4,NaN,NaN
5,1,1,598.34,4,NaN,NaN
5,1,1,479.86,4,NaN,NaN
5,1,1,417.81,4,NaN,NaN
5,1,1,581,4,NaN,NaN
5,1,1,546.47,4,NaN,NaN
5,1,1,467.05,4,NaN,NaN
5,1,1,809.04,4,NaN,NaN
5,1,1,539.26,4,NaN,NaN
5,1,1,447.23,4,NaN,NaN
5,1,1,857.68,4,NaN,NaN
5,1,1,1499.1,4,NaN,NaN
5,1,1,567.68,4,NaN,NaN
5,1,1,566.42,4,NaN,NaN
5,1,1,556.47,4,NaN,NaN
5,1,1,410.07,5,NaN,NaN
5,1,1,616.53,5,NaN,NaN
5,1,1,416.72,5,NaN,NaN
5,1,1,484.1,5,NaN,NaN
5,1,1,394.31,5,NaN,NaN
5,1,1,479.89,5,NaN,NaN
5,1,1,398.21,5,NaN,NaN
5,1,1,450.98,5,NaN,NaN
5,1,1,447.61,5,NaN,NaN
5,1,1,360.53,5,NaN,NaN
5,1,1,483.39,5,NaN,NaN
5,1,1,378.26,5,NaN,NaN
5,1,1,546.33,5,NaN,NaN
5,1,1,613.22,5,NaN,NaN
5,1,1,634.04,5,NaN,NaN
5,1,1,618.23,5,NaN,NaN
5,1,1,546.54,5,NaN,NaN
5,1,1,450.3,5,NaN,NaN
5,1,1,392.32,5,NaN,NaN
5,1,1,430.32,5,NaN,NaN
5,1,1,437.77,5,NaN,NaN
5,1,1,567.67,5,NaN,NaN
5,1,1,633.49,5,NaN,NaN
5,1,1,570.17,5,NaN,NaN
5,1,1,531.25,5,NaN,NaN
5,1,1,561.14,5,NaN,NaN
5,1,1,710.07,5,NaN,NaN
5,1,1,677.49,5,NaN,NaN
5,1,1,562.43,5,NaN,NaN
5,1,1,547.5,5,NaN,NaN
5,1,1,520.03,5,NaN,NaN
5,1,1,584.67,5,NaN,NaN
5,1,1,431.14,5,NaN,NaN
5,1,1,532.41,5,NaN,NaN
5,1,1,390.55,5,NaN,NaN
5,1,1,477.09,5,NaN,NaN
5,1,1,656.52,5,NaN,NaN
5,1,1,481.53,5,NaN,NaN
5,1,1,764.93,5,NaN,NaN
5,1,1,674.51,5,NaN,NaN
5,1,1,516.69,5,NaN,NaN
5,1,1,535.2,5,NaN,NaN
5,1,1,425.43,5,NaN,NaN
5,1,1,516.44,5,NaN,NaN
5,1,1,668.14,5,NaN,NaN
5,1,1,642.07,5,NaN,NaN
5,1,1,801.56,5,NaN,NaN
5,1,1,545.92,5,NaN,NaN
5,1,1,553.83,5,NaN,NaN
5,1,1,466.76,5,NaN,NaN
5,1,1,831.85,5,NaN,NaN
5,1,1,471,5,NaN,NaN
5,1,1,498.09,5,NaN,NaN
5,1,1,422.23,5,NaN,NaN
5,1,1,588.83,5,NaN,NaN
5,1,1,369.54,5,NaN,NaN
5,1,1,423.96,5,NaN,NaN
5,1,1,558.46,5,NaN,NaN
5,1,1,439.99,5,NaN,NaN
5,1,1,520.65,5,NaN,NaN
5,1,1,482.72,5,NaN,NaN
5,1,1,376.19,5,NaN,NaN
5,1,1,426.88,5,NaN,NaN
5,1,1,509.8,5,NaN,NaN
5,1,1,634.43,5,NaN,NaN
5,1,1,501.51,5,NaN,NaN
5,1,1,600.32,5,NaN,NaN
5,1,1,478.17,5,NaN,NaN
5,1,1,455.37,5,NaN,NaN
5,1,1,671.33,5,NaN,NaN
5,1,1,481.08,5,NaN,NaN
5,1,1,448.61,5,NaN,NaN
5,1,1,417.97,5,NaN,NaN
5,1,1,496.6,5,NaN,NaN
5,1,1,712.77,5,NaN,NaN
5,1,1,435.65,5,NaN,NaN
5,1,1,482.34,5,NaN,NaN
5,1,1,440.79,5,NaN,NaN
5,1,1,529.29,5,NaN,NaN
5,1,1,500.4,5,NaN,NaN
5,1,1,661.88,5,NaN,NaN
5,1,1,442.18,5,NaN,NaN
5,1,1,404.8,5,NaN,NaN
5,1,1,300.31,5,NaN,NaN
5,1,1,392.88,5,NaN,NaN
5,1,1,521.94,5,NaN,NaN
5,1,1,546.81,5,NaN,NaN
5,1,1,581.98,5,NaN,NaN
6,4,1,630.73,2,NaN,NaN
6,4,1,514.75,2,NaN,NaN
6,4,1,415.59,2,NaN,NaN
6,4,1,629.52,2,NaN,NaN
6,4,1,380.8,2,NaN,NaN
6,4,1,726.58,2,NaN,NaN
6,4,1,487.35,2,NaN,NaN
6,4,1,1018.3,2,NaN,NaN
6,4,1,463.85,2,NaN,NaN
6,4,1,589.12,2,NaN,NaN
6,4,1,467.65,2,NaN,NaN
6,4,1,579.64,2,NaN,NaN
6,4,1,426.29,2,NaN,NaN
6,4,1,497.91,2,NaN,NaN
6,4,1,633.84,2,NaN,NaN
6,4,1,516.07,2,NaN,NaN
6,4,1,472.79,2,NaN,NaN
6,4,1,429.33,2,NaN,NaN
6,4,1,450.11,2,NaN,NaN
6,4,1,544.75,2,NaN,NaN
6,4,1,385.99,2,NaN,NaN
6,4,1,553.13,2,NaN,NaN
6,4,1,543.09,2,NaN,NaN
6,4,1,574,2,NaN,NaN
6,4,1,692.09,2,NaN,NaN
6,4,1,534.87,2,NaN,NaN
6,4,1,456.39,2,NaN,NaN
6,4,1,410.03,2,NaN,NaN
6,4,1,385.45,2,NaN,NaN
6,4,1,538,2,NaN,NaN
6,4,1,763.63,2,NaN,NaN
6,4,1,497.53,2,NaN,NaN
6,4,1,431.83,2,NaN,NaN
6,4,1,441.39,2,NaN,NaN
6,4,1,430.57,2,NaN,NaN
6,4,1,420.62,2,NaN,NaN
6,4,1,442.14,2,NaN,NaN
6,4,1,617.06,2,NaN,NaN
6,4,1,428.24,2,NaN,NaN
6,4,1,526.99,2,NaN,NaN
6,4,1,594.51,2,NaN,NaN
6,4,1,546.08,2,NaN,NaN
6,4,1,849.58,2,NaN,NaN
6,4,1,626.66,2,NaN,NaN
6,4,1,797.37,2,NaN,NaN
6,4,1,527.14,2,NaN,NaN
6,4,1,556.32,2,NaN,NaN
6,4,1,496.76,2,NaN,NaN
6,4,1,622.82,2,NaN,NaN
6,4,1,429.26,2,NaN,NaN
6,4,1,565.43,2,NaN,NaN
6,4,1,589.23,2,NaN,NaN
6,4,1,389.83,2,NaN,NaN
6,4,1,364.81,2,NaN,NaN
6,4,1,491.81,2,NaN,NaN
6,4,1,494.22,2,NaN,NaN
6,4,1,515.81,2,NaN,NaN
6,4,1,463.38,2,NaN,NaN
6,4,1,458.07,2,NaN,NaN
6,4,1,573.21,2,NaN,NaN
6,4,1,401.62,2,NaN,NaN
6,4,1,492.8,2,NaN,NaN
6,4,1,513,2,NaN,NaN
6,4,1,457.82,2,NaN,NaN
6,4,1,521,2,NaN,NaN
6,4,1,726.92,2,NaN,NaN
6,4,1,704.81,2,NaN,NaN
6,4,1,557.3,2,NaN,NaN
6,4,1,419.71,2,NaN,NaN
6,4,1,568.35,2,NaN,NaN
6,4,1,403.84,2,NaN,NaN
6,4,1,432.14,2,NaN,NaN
6,4,1,722.7,2,NaN,NaN
6,4,1,393.43,2,NaN,NaN
6,4,1,410.25,2,NaN,NaN
6,4,1,474.04,2,NaN,NaN
6,4,1,439.23,2,NaN,NaN
6,4,1,385.36,2,NaN,NaN
6,4,1,400.4,2,NaN,NaN
6,4,1,553.76,2,NaN,NaN
6,4,1,451.92,2,NaN,NaN
6,4,1,609.42,2,NaN,NaN
6,4,1,443.14,2,NaN,NaN
6,4,1,557.64,2,NaN,NaN
6,4,1,539.42,2,NaN,NaN
6,4,1,460.25,2,NaN,NaN
6,4,1,550.3,3,NaN,NaN
6,4,1,456.59,3,NaN,NaN
6,4,1,530.63,3,NaN,NaN
6,4,1,464.51,3,NaN,NaN
6,4,1,610.11,3,NaN,NaN
6,4,1,407.49,3,NaN,NaN
6,4,1,570.21,3,NaN,NaN
6,4,1,1022.3,3,NaN,NaN
6,4,1,568.37,3,NaN,NaN
6,4,1,913.61,3,NaN,NaN
6,4,1,582.49,3,NaN,NaN
6,4,1,447.95,3,NaN,NaN
6,4,1,537.79,3,NaN,NaN
6,4,1,556.65,3,NaN,NaN
6,4,1,427.86,3,NaN,NaN
6,4,1,450.05,3,NaN,NaN
6,4,1,482.73,3,NaN,NaN
6,4,1,407.76,3,NaN,NaN
6,4,1,362.98,3,NaN,NaN
6,4,1,499.72,3,NaN,NaN
6,4,1,683.77,3,NaN,NaN
6,4,1,543.78,3,NaN,NaN
6,4,1,603.94,3,NaN,NaN
6,4,1,566.83,3,NaN,NaN
6,4,1,454.18,3,NaN,NaN
6,4,1,456.45,3,NaN,NaN
6,4,1,444.75,3,NaN,NaN
6,4,1,439.98,3,NaN,NaN
6,4,1,383.44,3,NaN,NaN
6,4,1,414.09,3,NaN,NaN
6,4,1,515.76,3,NaN,NaN
6,4,1,416.92,3,NaN,NaN
6,4,1,589.2,3,NaN,NaN
6,4,1,392.44,3,NaN,NaN
6,4,1,639.86,3,NaN,NaN
6,4,1,538.12,3,NaN,NaN
6,4,1,466.86,3,NaN,NaN
6,4,1,666.87,3,NaN,NaN
6,4,1,453.57,3,NaN,NaN
6,4,1,479.93,3,NaN,NaN
6,4,1,443.58,3,NaN,NaN
6,4,1,393.74,3,NaN,NaN
6,4,1,980.26,3,NaN,NaN
6,4,1,447.44,3,NaN,NaN
6,4,1,503.98,3,NaN,NaN
6,4,1,507.69,3,NaN,NaN
6,4,1,629.43,3,NaN,NaN
6,4,1,476.98,3,NaN,NaN
6,4,1,518.66,3,NaN,NaN
6,4,1,544.98,3,NaN,NaN
6,4,1,522.04,3,NaN,NaN
6,4,1,534.51,3,NaN,NaN
6,4,1,438.62,3,NaN,NaN
6,4,1,492.96,3,NaN,NaN
6,4,1,386.96,3,NaN,NaN
6,4,1,596.89,3,NaN,NaN
6,4,1,438.48,3,NaN,NaN
6,4,1,403.93,3,NaN,NaN
6,4,1,521.39,3,NaN,NaN
6,4,1,490.31,3,NaN,NaN
6,4,1,484.49,3,NaN,NaN
6,4,1,508.21,3,NaN,NaN
6,4,1,354.26,3,NaN,NaN
6,4,1,443.77,3,NaN,NaN
6,4,1,434.68,3,NaN,NaN
6,4,1,418.75,3,NaN,NaN
6,4,1,361.61,3,NaN,NaN
6,4,1,529.35,3,NaN,NaN
6,4,1,518.47,3,NaN,NaN
6,4,1,467.54,3,NaN,NaN
6,4,1,414.41,3,NaN,NaN
6,4,1,734.25,3,NaN,NaN
6,4,1,391,3,NaN,NaN
6,4,1,447.84,3,NaN,NaN
6,4,1,491.78,3,NaN,NaN
6,4,1,631.65,3,NaN,NaN
6,4,1,531.11,3,NaN,NaN
6,4,1,448.89,3,NaN,NaN
6,4,1,532.86,3,NaN,NaN
6,4,1,371.96,3,NaN,NaN
6,4,1,443.35,3,NaN,NaN
6,4,1,530.69,3,NaN,NaN
6,4,1,436.05,3,NaN,NaN
6,4,1,432.81,3,NaN,NaN
6,4,1,593.28,3,NaN,NaN
6,4,1,429.63,3,NaN,NaN
6,4,1,579.34,3,NaN,NaN
6,4,1,483,3,NaN,NaN
6,4,1,622.16,3,NaN,NaN
6,4,1,385.09,3,NaN,NaN
6,4,1,667.46,3,NaN,NaN
6,4,1,483.16,3,NaN,NaN
6,4,1,439.52,4,NaN,NaN
6,4,1,600.17,4,NaN,NaN
6,4,1,468.04,4,NaN,NaN
6,4,1,531.41,4,NaN,NaN
6,4,1,526.13,4,NaN,NaN
6,4,1,770.24,4,NaN,NaN
6,4,1,530.28,4,NaN,NaN
6,4,1,462.56,4,NaN,NaN
6,4,1,404.02,4,NaN,NaN
6,4,1,558.21,4,NaN,NaN
6,4,1,500.15,4,NaN,NaN
6,4,1,436.25,4,NaN,NaN
6,4,1,409.21,4,NaN,NaN
6,4,1,371.62,4,NaN,NaN
6,4,1,965.52,4,NaN,NaN
6,4,1,484.1,4,NaN,NaN
6,4,1,433.25,4,NaN,NaN
6,4,1,431.97,4,NaN,NaN
6,4,1,358.72,4,NaN,NaN
6,4,1,513.3,4,NaN,NaN
6,4,1,465.75,4,NaN,NaN
6,4,1,482.73,4,NaN,NaN
6,4,1,489.57,4,NaN,NaN
6,4,1,527.65,4,NaN,NaN
6,4,1,408.67,4,NaN,NaN
6,4,1,435.65,4,NaN,NaN
6,4,1,413.39,4,NaN,NaN
6,4,1,530.04,4,NaN,NaN
6,4,1,398.78,4,NaN,NaN
6,4,1,326.92,4,NaN,NaN
6,4,1,350.15,4,NaN,NaN
6,4,1,457.97,4,NaN,NaN
6,4,1,468.43,4,NaN,NaN
6,4,1,322.56,4,NaN,NaN
6,4,1,531.86,4,NaN,NaN
6,4,1,401.93,4,NaN,NaN
6,4,1,469.58,4,NaN,NaN
6,4,1,553.04,4,NaN,NaN
6,4,1,437.81,4,NaN,NaN
6,4,1,401.46,4,NaN,NaN
6,4,1,444.9,4,NaN,NaN
6,4,1,433.94,4,NaN,NaN
6,4,1,424.68,4,NaN,NaN
6,4,1,386.47,4,NaN,NaN
6,4,1,678.43,4,NaN,NaN
6,4,1,464.13,4,NaN,NaN
6,4,1,760.26,4,NaN,NaN
6,4,1,578.3,4,NaN,NaN
6,4,1,513.34,4,NaN,NaN
6,4,1,451.2,4,NaN,NaN
6,4,1,451.71,4,NaN,NaN
6,4,1,412.22,4,NaN,NaN
6,4,1,406,4,NaN,NaN
6,4,1,428.91,4,NaN,NaN
6,4,1,609.58,4,NaN,NaN
6,4,1,469.41,4,NaN,NaN
6,4,1,671.4,4,NaN,NaN
6,4,1,734.29,4,NaN,NaN
6,4,1,402.08,4,NaN,NaN
6,4,1,468.14,4,NaN,NaN
6,4,1,435.78,4,NaN,NaN
6,4,1,556.32,4,NaN,NaN
6,4,1,391.53,4,NaN,NaN
6,4,1,858.17,4,NaN,NaN
6,4,1,714.21,4,NaN,NaN
6,4,1,502.97,4,NaN,NaN
6,4,1,366.14,4,NaN,NaN
6,4,1,435.39,4,NaN,NaN
6,4,1,496.18,4,NaN,NaN
6,4,1,348.5,4,NaN,NaN
6,4,1,433.44,4,NaN,NaN
6,4,1,409.12,4,NaN,NaN
6,4,1,420.01,4,NaN,NaN
6,4,1,464.23,4,NaN,NaN
6,4,1,367.34,4,NaN,NaN
6,4,1,417.58,4,NaN,NaN
6,4,1,437.39,4,NaN,NaN
6,4,1,436.28,4,NaN,NaN
6,4,1,582.93,4,NaN,NaN
6,4,1,497.81,4,NaN,NaN
6,4,1,449.07,4,NaN,NaN
6,4,1,471.65,4,NaN,NaN
6,4,1,843.93,4,NaN,NaN
6,4,1,474.89,4,NaN,NaN
6,4,1,477.4,4,NaN,NaN
6,4,1,490.43,4,NaN,NaN
6,4,1,346.98,4,NaN,NaN
6,4,1,414.42,4,NaN,NaN
6,4,1,538.8,4,NaN,NaN
6,4,1,425.64,5,NaN,NaN
6,4,1,461.11,5,NaN,NaN
6,4,1,476.83,5,NaN,NaN
6,4,1,380.04,5,NaN,NaN
6,4,1,469.96,5,NaN,NaN
6,4,1,371.44,5,NaN,NaN
6,4,1,333.36,5,NaN,NaN
6,4,1,525.79,5,NaN,NaN
6,4,1,349.74,5,NaN,NaN
6,4,1,370.65,5,NaN,NaN
6,4,1,434.37,5,NaN,NaN
6,4,1,424.19,5,NaN,NaN
6,4,1,613,5,NaN,NaN
6,4,1,339.5,5,NaN,NaN
6,4,1,313.51,5,NaN,NaN
6,4,1,387.7,5,NaN,NaN
6,4,1,576.56,5,NaN,NaN
6,4,1,486.05,5,NaN,NaN
6,4,1,454.72,5,NaN,NaN
6,4,1,434.37,5,NaN,NaN
6,4,1,480.88,5,NaN,NaN
6,4,1,415.71,5,NaN,NaN
6,4,1,379.68,5,NaN,NaN
6,4,1,412.46,5,NaN,NaN
6,4,1,494.22,5,NaN,NaN
6,4,1,554.43,5,NaN,NaN
6,4,1,399.15,5,NaN,NaN
6,4,1,496.38,5,NaN,NaN
6,4,1,466.74,5,NaN,NaN
6,4,1,394.25,5,NaN,NaN
6,4,1,386.54,5,NaN,NaN
6,4,1,371.99,5,NaN,NaN
6,4,1,663.48,5,NaN,NaN
6,4,1,452.57,5,NaN,NaN
6,4,1,682.46,5,NaN,NaN
6,4,1,464.04,5,NaN,NaN
6,4,1,446.86,5,NaN,NaN
6,4,1,502.65,5,NaN,NaN
6,4,1,386.42,5,NaN,NaN
6,4,1,530.82,5,NaN,NaN
6,4,1,424.11,5,NaN,NaN
6,4,1,287.47,5,NaN,NaN
6,4,1,394.96,5,NaN,NaN
6,4,1,377.46,5,NaN,NaN
6,4,1,432.34,5,NaN,NaN
6,4,1,480.21,5,NaN,NaN
6,4,1,394,5,NaN,NaN
6,4,1,447.93,5,NaN,NaN
6,4,1,505.38,5,NaN,NaN
6,4,1,520.3,5,NaN,NaN
6,4,1,403.33,5,NaN,NaN
6,4,1,557.57,5,NaN,NaN
6,4,1,593.54,5,NaN,NaN
6,4,1,635.11,5,NaN,NaN
6,4,1,840.21,5,NaN,NaN
6,4,1,486.78,5,NaN,NaN
6,4,1,451.78,5,NaN,NaN
6,4,1,394.25,5,NaN,NaN
6,4,1,412.16,5,NaN,NaN
6,4,1,385.2,5,NaN,NaN
6,4,1,311.44,5,NaN,NaN
6,4,1,548.25,5,NaN,NaN
6,4,1,441.47,5,NaN,NaN
6,4,1,408.08,5,NaN,NaN
6,4,1,758.28,5,NaN,NaN
6,4,1,456.26,5,NaN,NaN
6,4,1,800.37,5,NaN,NaN
6,4,1,546.93,5,NaN,NaN
6,4,1,386.89,5,NaN,NaN
6,4,1,638.62,5,NaN,NaN
6,4,1,943.26,5,NaN,NaN
6,4,1,642.96,5,NaN,NaN
6,4,1,766.55,5,NaN,NaN
6,4,1,600.37,5,NaN,NaN
6,4,1,429.57,5,NaN,NaN
6,4,1,416.76,5,NaN,NaN
6,4,1,334.98,5,NaN,NaN
6,4,1,437.14,5,NaN,NaN
6,4,1,482.67,5,NaN,NaN
6,4,1,353.93,5,NaN,NaN
6,4,1,481.75,5,NaN,NaN
6,4,1,511.91,5,NaN,NaN
6,4,1,486.27,5,NaN,NaN
6,4,1,459.09,5,NaN,NaN
6,4,1,410.2,5,NaN,NaN
6,4,1,684.59,5,NaN,NaN
6,4,1,452.81,5,NaN,NaN
6,4,1,440.34,5,NaN,NaN
6,4,1,407.91,5,NaN,NaN
6,4,1,571.8,5,NaN,NaN
6,4,1,489.37,5,NaN,NaN
6,4,1,462.78,5,NaN,NaN
7,9,1,1044.3,2,NaN,NaN
7,9,1,1457.9,2,NaN,NaN
7,9,1,698.82,2,NaN,NaN
7,9,1,899.24,2,NaN,NaN
7,9,1,1110.9,2,NaN,NaN
7,9,1,576.15,2,NaN,NaN
7,9,1,617.39,2,NaN,NaN
7,9,1,809.26,2,NaN,NaN
7,9,1,490.85,2,NaN,NaN
7,9,1,1017.7,2,NaN,NaN
7,9,1,1164.2,2,NaN,NaN
7,9,1,769.19,2,NaN,NaN
7,9,1,517.21,2,NaN,NaN
7,9,1,685.43,2,NaN,NaN
7,9,1,397.55,2,NaN,NaN
7,9,1,515.86,2,NaN,NaN
7,9,1,708.53,2,NaN,NaN
7,9,1,522.53,2,NaN,NaN
7,9,1,477.35,2,NaN,NaN
7,9,1,1425,2,NaN,NaN
7,9,1,1028.2,2,NaN,NaN
7,9,1,591.42,2,NaN,NaN
7,9,1,462.26,2,NaN,NaN
7,9,1,516.76,2,NaN,NaN
7,9,1,550.57,2,NaN,NaN
7,9,1,857.45,2,NaN,NaN
7,9,1,498.27,2,NaN,NaN
7,9,1,495.44,2,NaN,NaN
7,9,1,447.95,2,NaN,NaN
7,9,1,572.79,2,NaN,NaN
7,9,1,460.98,2,NaN,NaN
7,9,1,583.81,2,NaN,NaN
7,9,1,987.54,2,NaN,NaN
7,9,1,665.7,2,NaN,NaN
7,9,1,618.61,2,NaN,NaN
7,9,1,1113.7,2,NaN,NaN
7,9,1,661.76,2,NaN,NaN
7,9,1,534.04,2,NaN,NaN
7,9,1,415.45,2,NaN,NaN
7,9,1,1170.9,2,NaN,NaN
7,9,1,604.98,2,NaN,NaN
7,9,1,487.72,2,NaN,NaN
7,9,1,599.4,2,NaN,NaN
7,9,1,561.07,2,NaN,NaN
7,9,1,499.26,2,NaN,NaN
7,9,1,409.44,2,NaN,NaN
7,9,1,1099.9,2,NaN,NaN
7,9,1,551.57,2,NaN,NaN
7,9,1,537.73,2,NaN,NaN
7,9,1,363.93,2,NaN,NaN
7,9,1,415.11,2,NaN,NaN
7,9,1,577.84,2,NaN,NaN
7,9,1,456.38,2,NaN,NaN
7,9,1,486.75,2,NaN,NaN
7,9,1,1107,2,NaN,NaN
7,9,1,920.32,2,NaN,NaN
7,9,1,513.97,2,NaN,NaN
7,9,1,529.67,2,NaN,NaN
7,9,1,799.16,2,NaN,NaN
7,9,1,926.37,2,NaN,NaN
7,9,1,620.94,2,NaN,NaN
7,9,1,772.46,2,NaN,NaN
7,9,1,651.06,2,NaN,NaN
7,9,1,872.83,2,NaN,NaN
7,9,1,650.77,2,NaN,NaN
7,9,1,479.64,2,NaN,NaN
7,9,1,534.96,2,NaN,NaN
7,9,1,653.6,2,NaN,NaN
7,9,1,506.42,2,NaN,NaN
7,9,1,423.24,2,NaN,NaN
7,9,1,684.55,2,NaN,NaN
7,9,1,487.17,2,NaN,NaN
7,9,1,1335.5,2,NaN,NaN
7,9,1,499.69,2,NaN,NaN
7,9,1,594.97,2,NaN,NaN
7,9,1,697.32,2,NaN,NaN
7,9,1,516.95,2,NaN,NaN
7,9,1,1397.5,2,NaN,NaN
7,9,1,496.91,2,NaN,NaN
7,9,1,708.6,2,NaN,NaN
7,9,1,520.74,3,NaN,NaN
7,9,1,744.88,3,NaN,NaN
7,9,1,966.13,3,NaN,NaN
7,9,1,425.01,3,NaN,NaN
7,9,1,506.98,3,NaN,NaN
7,9,1,407.82,3,NaN,NaN
7,9,1,1140.9,3,NaN,NaN
7,9,1,693.91,3,NaN,NaN
7,9,1,427.73,3,NaN,NaN
7,9,1,996.9,3,NaN,NaN
7,9,1,654.13,3,NaN,NaN
7,9,1,414.38,3,NaN,NaN
7,9,1,545.41,3,NaN,NaN
7,9,1,421.8,3,NaN,NaN
7,9,1,440.28,3,NaN,NaN
7,9,1,1015.7,3,NaN,NaN
7,9,1,465.55,3,NaN,NaN
7,9,1,415.64,3,NaN,NaN
7,9,1,672.3,3,NaN,NaN
7,9,1,409.28,3,NaN,NaN
7,9,1,418.99,3,NaN,NaN
7,9,1,504.99,3,NaN,NaN
7,9,1,653.18,3,NaN,NaN
7,9,1,416.32,3,NaN,NaN
7,9,1,446.63,3,NaN,NaN
7,9,1,580.04,3,NaN,NaN
7,9,1,462.97,3,NaN,NaN
7,9,1,595.6,3,NaN,NaN
7,9,1,533.09,3,NaN,NaN
7,9,1,495.96,3,NaN,NaN
7,9,1,468.75,3,NaN,NaN
7,9,1,660.14,3,NaN,NaN
7,9,1,684.45,3,NaN,NaN
7,9,1,680.25,3,NaN,NaN
7,9,1,1030.6,3,NaN,NaN
7,9,1,1434.5,3,NaN,NaN
7,9,1,593.94,3,NaN,NaN
7,9,1,650.72,3,NaN,NaN
7,9,1,709.45,3,NaN,NaN
7,9,1,580.13,3,NaN,NaN
7,9,1,557.84,3,NaN,NaN
7,9,1,488.85,3,NaN,NaN
7,9,1,452.97,3,NaN,NaN
7,9,1,589.49,3,NaN,NaN
7,9,1,526.35,3,NaN,NaN
7,9,1,537.91,3,NaN,NaN
7,9,1,546.93,3,NaN,NaN
7,9,1,576.2,3,NaN,NaN
7,9,1,455.45,3,NaN,NaN
7,9,1,538.76,3,NaN,NaN
7,9,1,518.54,3,NaN,NaN
7,9,1,1149.5,3,NaN,NaN
7,9,1,662.56,3,NaN,NaN
7,9,1,359.07,3,NaN,NaN
7,9,1,527.51,3,NaN,NaN
7,9,1,517.84,3,NaN,NaN
7,9,1,460.16,3,NaN,NaN
7,9,1,639.55,3,NaN,NaN
7,9,1,1453.9,3,NaN,NaN
7,9,1,580.7,3,NaN,NaN
7,9,1,1027.3,3,NaN,NaN
7,9,1,1166.3,3,NaN,NaN
7,9,1,519.66,3,NaN,NaN
7,9,1,509.76,3,NaN,NaN
7,9,1,360.82,3,NaN,NaN
7,9,1,440,3,NaN,NaN
7,9,1,658.81,3,NaN,NaN
7,9,1,384.99,3,NaN,NaN
7,9,1,470.53,3,NaN,NaN
7,9,1,655.39,3,NaN,NaN
7,9,1,631.09,3,NaN,NaN
7,9,1,598.75,3,NaN,NaN
7,9,1,417.75,3,NaN,NaN
7,9,1,611.78,3,NaN,NaN
7,9,1,434.12,3,NaN,NaN
7,9,1,547.97,3,NaN,NaN
7,9,1,630.24,3,NaN,NaN
7,9,1,453.1,3,NaN,NaN
7,9,1,355,3,NaN,NaN
7,9,1,1130.6,3,NaN,NaN
7,9,1,379.76,3,NaN,NaN
7,9,1,543.72,3,NaN,NaN
7,9,1,516.03,3,NaN,NaN
7,9,1,519.88,3,NaN,NaN
7,9,1,571.91,3,NaN,NaN
7,9,1,1166.4,3,NaN,NaN
7,9,1,563.49,3,NaN,NaN
7,9,1,629.63,3,NaN,NaN
7,9,1,417.96,3,NaN,NaN
7,9,1,569.4,3,NaN,NaN
7,9,1,1060,4,NaN,NaN
7,9,1,804.31,4,NaN,NaN
7,9,1,1107.7,4,NaN,NaN
7,9,1,722.29,4,NaN,NaN
7,9,1,591.12,4,NaN,NaN
7,9,1,620.29,4,NaN,NaN
7,9,1,483.95,4,NaN,NaN
7,9,1,523.55,4,NaN,NaN
7,9,1,521.49,4,NaN,NaN
7,9,1,923.3,4,NaN,NaN
7,9,1,700.7,4,NaN,NaN
7,9,1,850.57,4,NaN,NaN
7,9,1,590.37,4,NaN,NaN
7,9,1,643.83,4,NaN,NaN
7,9,1,453.47,4,NaN,NaN
7,9,1,552.06,4,NaN,NaN
7,9,1,665.42,4,NaN,NaN
7,9,1,578.06,4,NaN,NaN
7,9,1,564.55,4,NaN,NaN
7,9,1,594.44,4,NaN,NaN
7,9,1,1010.7,4,NaN,NaN
7,9,1,514.01,4,NaN,NaN
7,9,1,569.01,4,NaN,NaN
7,9,1,635.58,4,NaN,NaN
7,9,1,470.64,4,NaN,NaN
7,9,1,523.11,4,NaN,NaN
7,9,1,736.93,4,NaN,NaN
7,9,1,1269.7,4,NaN,NaN
7,9,1,472.55,4,NaN,NaN
7,9,1,514.36,4,NaN,NaN
7,9,1,583.24,4,NaN,NaN
7,9,1,602.96,4,NaN,NaN
7,9,1,396.24,4,NaN,NaN
7,9,1,932.56,4,NaN,NaN
7,9,1,624.12,4,NaN,NaN
7,9,1,554.15,4,NaN,NaN
7,9,1,457.65,4,NaN,NaN
7,9,1,604.22,4,NaN,NaN
7,9,1,662.42,4,NaN,NaN
7,9,1,749.7,4,NaN,NaN
7,9,1,418.46,4,NaN,NaN
7,9,1,800.54,4,NaN,NaN
7,9,1,427.94,4,NaN,NaN
7,9,1,1280,4,NaN,NaN
7,9,1,915.27,4,NaN,NaN
7,9,1,804.12,4,NaN,NaN
7,9,1,599.32,4,NaN,NaN
7,9,1,896.76,4,NaN,NaN
7,9,1,567.42,4,NaN,NaN
7,9,1,353.97,4,NaN,NaN
7,9,1,720.5,4,NaN,NaN
7,9,1,456.49,4,NaN,NaN
7,9,1,400.19,4,NaN,NaN
7,9,1,601.66,4,NaN,NaN
7,9,1,645.36,4,NaN,NaN
7,9,1,494.63,4,NaN,NaN
7,9,1,590.5,4,NaN,NaN
7,9,1,1333.4,4,NaN,NaN
7,9,1,391.61,4,NaN,NaN
7,9,1,506.88,4,NaN,NaN
7,9,1,489.27,4,NaN,NaN
7,9,1,463.79,4,NaN,NaN
7,9,1,386.96,4,NaN,NaN
7,9,1,542.77,4,NaN,NaN
7,9,1,817.88,4,NaN,NaN
7,9,1,840.38,4,NaN,NaN
7,9,1,895.52,4,NaN,NaN
7,9,1,1359.9,4,NaN,NaN
7,9,1,1049.1,4,NaN,NaN
7,9,1,477.46,4,NaN,NaN
7,9,1,438.34,4,NaN,NaN
7,9,1,570.42,4,NaN,NaN
7,9,1,557.03,4,NaN,NaN
7,9,1,703.92,4,NaN,NaN
7,9,1,478.34,4,NaN,NaN
7,9,1,588.27,4,NaN,NaN
7,9,1,472.08,4,NaN,NaN
7,9,1,361.75,4,NaN,NaN
7,9,1,379.29,4,NaN,NaN
7,9,1,442.27,4,NaN,NaN
7,9,1,519.53,4,NaN,NaN
7,9,1,500.57,4,NaN,NaN
7,9,1,576.57,4,NaN,NaN
7,9,1,532.01,4,NaN,NaN
7,9,1,469.76,4,NaN,NaN
7,9,1,665.61,4,NaN,NaN
7,9,1,350.23,4,NaN,NaN
7,9,1,632.13,4,NaN,NaN
7,9,1,449.3,4,NaN,NaN
7,9,1,336.09,4,NaN,NaN
7,9,1,603.52,4,NaN,NaN
7,9,1,1095.4,5,NaN,NaN
7,9,1,572.58,5,NaN,NaN
7,9,1,660.24,5,NaN,NaN
7,9,1,444.65,5,NaN,NaN
7,9,1,360.25,5,NaN,NaN
7,9,1,562.64,5,NaN,NaN
7,9,1,419.67,5,NaN,NaN
7,9,1,403.16,5,NaN,NaN
7,9,1,486.62,5,NaN,NaN
7,9,1,401.16,5,NaN,NaN
7,9,1,419.54,5,NaN,NaN
7,9,1,731.43,5,NaN,NaN
7,9,1,407.04,5,NaN,NaN
7,9,1,724.5,5,NaN,NaN
7,9,1,573.54,5,NaN,NaN
7,9,1,424.67,5,NaN,NaN
7,9,1,540.49,5,NaN,NaN
7,9,1,954.5,5,NaN,NaN
7,9,1,501.87,5,NaN,NaN
7,9,1,422.85,5,NaN,NaN
7,9,1,410.79,5,NaN,NaN
7,9,1,488.38,5,NaN,NaN
7,9,1,408,5,NaN,NaN
7,9,1,890.1,5,NaN,NaN
7,9,1,390.06,5,NaN,NaN
7,9,1,393.57,5,NaN,NaN
7,9,1,522.26,5,NaN,NaN
7,9,1,459.98,5,NaN,NaN
7,9,1,426.14,5,NaN,NaN
7,9,1,547.73,5,NaN,NaN
7,9,1,369.73,5,NaN,NaN
7,9,1,615.16,5,NaN,NaN
7,9,1,566.09,5,NaN,NaN
7,9,1,483.68,5,NaN,NaN
7,9,1,454.54,5,NaN,NaN
7,9,1,510.43,5,NaN,NaN
7,9,1,1255.1,5,NaN,NaN
7,9,1,1182.2,5,NaN,NaN
7,9,1,388.04,5,NaN,NaN
7,9,1,600.62,5,NaN,NaN
7,9,1,586.92,5,NaN,NaN
7,9,1,678.94,5,NaN,NaN
7,9,1,584.8,5,NaN,NaN
7,9,1,540.24,5,NaN,NaN
7,9,1,560.89,5,NaN,NaN
7,9,1,355.33,5,NaN,NaN
7,9,1,368.5,5,NaN,NaN
7,9,1,639.64,5,NaN,NaN
7,9,1,607.48,5,NaN,NaN
7,9,1,629.12,5,NaN,NaN
7,9,1,444.94,5,NaN,NaN
7,9,1,446.65,5,NaN,NaN
7,9,1,394.77,5,NaN,NaN
7,9,1,618.54,5,NaN,NaN
7,9,1,608.64,5,NaN,NaN
7,9,1,467.7,5,NaN,NaN
7,9,1,383.31,5,NaN,NaN
7,9,1,409.45,5,NaN,NaN
7,9,1,395.27,5,NaN,NaN
7,9,1,361.4,5,NaN,NaN
7,9,1,942.08,5,NaN,NaN
7,9,1,646.05,5,NaN,NaN
7,9,1,489.24,5,NaN,NaN
7,9,1,425.81,5,NaN,NaN
7,9,1,787.73,5,NaN,NaN
7,9,1,580.48,5,NaN,NaN
7,9,1,521.31,5,NaN,NaN
7,9,1,529.85,5,NaN,NaN
7,9,1,388.35,5,NaN,NaN
7,9,1,705.26,5,NaN,NaN
7,9,1,627.49,5,NaN,NaN
7,9,1,544.41,5,NaN,NaN
7,9,1,740.36,5,NaN,NaN
7,9,1,544.53,5,NaN,NaN
7,9,1,532.9,5,NaN,NaN
7,9,1,385.49,5,NaN,NaN
7,9,1,791.16,5,NaN,NaN
7,9,1,279.46,5,NaN,NaN
7,9,1,450.03,5,NaN,NaN
7,9,1,480.93,5,NaN,NaN
7,9,1,397.09,5,NaN,NaN
7,9,1,718.54,5,NaN,NaN
7,9,1,458.65,5,NaN,NaN
7,9,1,328.45,5,NaN,NaN
7,9,1,452.9,5,NaN,NaN
7,9,1,1125.5,5,NaN,NaN
7,9,1,563.51,5,NaN,NaN
7,9,1,327.31,5,NaN,NaN
7,9,1,599.07,5,NaN,NaN
7,9,1,831.06,5,NaN,NaN
8,8,1,587.88,2,NaN,NaN
8,8,1,380.94,2,NaN,NaN
8,8,1,678.92,2,NaN,NaN
8,8,1,568.1,2,NaN,NaN
8,8,1,367.73,2,NaN,NaN
8,8,1,525.64,2,NaN,NaN
8,8,1,643.88,2,NaN,NaN
8,8,1,515.53,2,NaN,NaN
8,8,1,627.88,2,NaN,NaN
8,8,1,578.71,2,NaN,NaN
8,8,1,618.02,2,NaN,NaN
8,8,1,517.68,2,NaN,NaN
8,8,1,427.42,2,NaN,NaN
8,8,1,467.7,2,NaN,NaN
8,8,1,436.77,2,NaN,NaN
8,8,1,484.29,2,NaN,NaN
8,8,1,511.25,2,NaN,NaN
8,8,1,424.51,2,NaN,NaN
8,8,1,495.4,2,NaN,NaN
8,8,1,610.91,2,NaN,NaN
8,8,1,621.98,2,NaN,NaN
8,8,1,625.43,2,NaN,NaN
8,8,1,526.19,2,NaN,NaN
8,8,1,383.41,2,NaN,NaN
8,8,1,590.27,2,NaN,NaN
8,8,1,424.8,2,NaN,NaN
8,8,1,406.3,2,NaN,NaN
8,8,1,590.38,2,NaN,NaN
8,8,1,459.83,2,NaN,NaN
8,8,1,448.62,2,NaN,NaN
8,8,1,509.07,2,NaN,NaN
8,8,1,1119.7,2,NaN,NaN
8,8,1,631.57,2,NaN,NaN
8,8,1,790.61,2,NaN,NaN
8,8,1,516.02,2,NaN,NaN
8,8,1,535.17,2,NaN,NaN
8,8,1,480.03,2,NaN,NaN
8,8,1,484.69,2,NaN,NaN
8,8,1,528.91,2,NaN,NaN
8,8,1,418.1,2,NaN,NaN
8,8,1,458.97,2,NaN,NaN
8,8,1,516.11,2,NaN,NaN
8,8,1,542.93,2,NaN,NaN
8,8,1,414.6,2,NaN,NaN
8,8,1,514.5,2,NaN,NaN
8,8,1,443.01,2,NaN,NaN
8,8,1,452.59,2,NaN,NaN
8,8,1,551.03,2,NaN,NaN
8,8,1,473.98,2,NaN,NaN
8,8,1,617.71,2,NaN,NaN
8,8,1,624.85,2,NaN,NaN
8,8,1,469.93,2,NaN,NaN
8,8,1,579.66,2,NaN,NaN
8,8,1,556.51,2,NaN,NaN
8,8,1,390.37,2,NaN,NaN
8,8,1,736.44,2,NaN,NaN
8,8,1,503.88,2,NaN,NaN
8,8,1,598.58,2,NaN,NaN
8,8,1,1299.5,2,NaN,NaN
8,8,1,497.8,2,NaN,NaN
8,8,1,460.85,2,NaN,NaN
8,8,1,739.21,2,NaN,NaN
8,8,1,493.48,2,NaN,NaN
8,8,1,471.38,2,NaN,NaN
8,8,1,434.92,2,NaN,NaN
8,8,1,641.71,2,NaN,NaN
8,8,1,568.53,2,NaN,NaN
8,8,1,529.77,2,NaN,NaN
8,8,1,437.62,2,NaN,NaN
8,8,1,896.93,2,NaN,NaN
8,8,1,413.3,2,NaN,NaN
8,8,1,435.21,2,NaN,NaN
8,8,1,415.8,2,NaN,NaN
8,8,1,480.2,2,NaN,NaN
8,8,1,386.68,2,NaN,NaN
8,8,1,504.1,2,NaN,NaN
8,8,1,558.45,2,NaN,NaN
8,8,1,430.85,2,NaN,NaN
8,8,1,859.08,2,NaN,NaN
8,8,1,384.92,2,NaN,NaN
8,8,1,1270.1,2,NaN,NaN
8,8,1,471.47,2,NaN,NaN
8,8,1,946.1,2,NaN,NaN
8,8,1,475.7,2,NaN,NaN
8,8,1,495.7,2,NaN,NaN
8,8,1,1183.8,2,NaN,NaN
8,8,1,396.71,2,NaN,NaN
8,8,1,437.29,2,NaN,NaN
8,8,1,525.12,3,NaN,NaN
8,8,1,470.92,3,NaN,NaN
8,8,1,532.83,3,NaN,NaN
8,8,1,538.43,3,NaN,NaN
8,8,1,482.16,3,NaN,NaN
8,8,1,423.36,3,NaN,NaN
8,8,1,593.93,3,NaN,NaN
8,8,1,419.61,3,NaN,NaN
8,8,1,492.37,3,NaN,NaN
8,8,1,595.18,3,NaN,NaN
8,8,1,566.72,3,NaN,NaN
8,8,1,476.28,3,NaN,NaN
8,8,1,911.15,3,NaN,NaN
8,8,1,550.66,3,NaN,NaN
8,8,1,424.59,3,NaN,NaN
8,8,1,456.31,3,NaN,NaN
8,8,1,566.61,3,NaN,NaN
8,8,1,451.74,3,NaN,NaN
8,8,1,420.12,3,NaN,NaN
8,8,1,356.4,3,NaN,NaN
8,8,1,744.88,3,NaN,NaN
8,8,1,572.81,3,NaN,NaN
8,8,1,514.65,3,NaN,NaN
8,8,1,435.89,3,NaN,NaN
8,8,1,485.25,3,NaN,NaN
8,8,1,380.41,3,NaN,NaN
8,8,1,521.58,3,NaN,NaN
8,8,1,516.58,3,NaN,NaN
8,8,1,516.66,3,NaN,NaN
8,8,1,505.02,3,NaN,NaN
8,8,1,1003.3,3,NaN,NaN
8,8,1,669.26,3,NaN,NaN
8,8,1,665.05,3,NaN,NaN
8,8,1,525.6,3,NaN,NaN
8,8,1,671.06,3,NaN,NaN
8,8,1,538.09,3,NaN,NaN
8,8,1,449.68,3,NaN,NaN
8,8,1,1284.7,3,NaN,NaN
8,8,1,553.84,3,NaN,NaN
8,8,1,532.97,3,NaN,NaN
8,8,1,493.93,3,NaN,NaN
8,8,1,438.4,3,NaN,NaN
8,8,1,538.01,3,NaN,NaN
8,8,1,428.2,3,NaN,NaN
8,8,1,715.09,3,NaN,NaN
8,8,1,544.01,3,NaN,NaN
8,8,1,599.71,3,NaN,NaN
8,8,1,431.98,3,NaN,NaN
8,8,1,507.49,3,NaN,NaN
8,8,1,415.96,3,NaN,NaN
8,8,1,413.88,3,NaN,NaN
8,8,1,471.83,3,NaN,NaN
8,8,1,562.57,3,NaN,NaN
8,8,1,326.07,3,NaN,NaN
8,8,1,540.12,3,NaN,NaN
8,8,1,1010,3,NaN,NaN
8,8,1,506.46,3,NaN,NaN
8,8,1,440.22,3,NaN,NaN
8,8,1,441.4,3,NaN,NaN
8,8,1,410.57,3,NaN,NaN
8,8,1,420.29,3,NaN,NaN
8,8,1,474.54,3,NaN,NaN
8,8,1,573.73,3,NaN,NaN
8,8,1,1233.7,3,NaN,NaN
8,8,1,752.78,3,NaN,NaN
8,8,1,551.65,3,NaN,NaN
8,8,1,522.15,3,NaN,NaN
8,8,1,435.36,3,NaN,NaN
8,8,1,426.11,3,NaN,NaN
8,8,1,412.16,3,NaN,NaN
8,8,1,459.14,3,NaN,NaN
8,8,1,470.79,3,NaN,NaN
8,8,1,541.54,3,NaN,NaN
8,8,1,429.92,3,NaN,NaN
8,8,1,620.23,3,NaN,NaN
8,8,1,438.66,3,NaN,NaN
8,8,1,386.64,3,NaN,NaN
8,8,1,527.03,3,NaN,NaN
8,8,1,352.61,3,NaN,NaN
8,8,1,478.36,3,NaN,NaN
8,8,1,1005.6,3,NaN,NaN
8,8,1,521.46,3,NaN,NaN
8,8,1,535.31,3,NaN,NaN
8,8,1,568.44,3,NaN,NaN
8,8,1,526.82,3,NaN,NaN
8,8,1,475.67,3,NaN,NaN
8,8,1,445.49,3,NaN,NaN
8,8,1,609.68,3,NaN,NaN
8,8,1,673.91,4,NaN,NaN
8,8,1,989.77,4,NaN,NaN
8,8,1,493.9,4,NaN,NaN
8,8,1,696.66,4,NaN,NaN
8,8,1,430.68,4,NaN,NaN
8,8,1,401.97,4,NaN,NaN
8,8,1,450.09,4,NaN,NaN
8,8,1,420.79,4,NaN,NaN
8,8,1,425.77,4,NaN,NaN
8,8,1,681.99,4,NaN,NaN
8,8,1,1124.5,4,NaN,NaN
8,8,1,577.14,4,NaN,NaN
8,8,1,606.81,4,NaN,NaN
8,8,1,512.46,4,NaN,NaN
8,8,1,422.01,4,NaN,NaN
8,8,1,569.94,4,NaN,NaN
8,8,1,1192,4,NaN,NaN
8,8,1,768.95,4,NaN,NaN
8,8,1,477.17,4,NaN,NaN
8,8,1,450.44,4,NaN,NaN
8,8,1,375.91,4,NaN,NaN
8,8,1,474.77,4,NaN,NaN
8,8,1,381.64,4,NaN,NaN
8,8,1,374.45,4,NaN,NaN
8,8,1,438.85,4,NaN,NaN
8,8,1,414.07,4,NaN,NaN
8,8,1,390.22,4,NaN,NaN
8,8,1,394.71,4,NaN,NaN
8,8,1,485.11,4,NaN,NaN
8,8,1,441.53,4,NaN,NaN
8,8,1,408.09,4,NaN,NaN
8,8,1,384.4,4,NaN,NaN
8,8,1,619.55,4,NaN,NaN
8,8,1,662.05,4,NaN,NaN
8,8,1,409.69,4,NaN,NaN
8,8,1,507.17,4,NaN,NaN
8,8,1,505.89,4,NaN,NaN
8,8,1,638.46,4,NaN,NaN
8,8,1,776.57,4,NaN,NaN
8,8,1,585.82,4,NaN,NaN
8,8,1,1284.7,4,NaN,NaN
8,8,1,780.94,4,NaN,NaN
8,8,1,512.07,4,NaN,NaN
8,8,1,485.72,4,NaN,NaN
8,8,1,474.49,4,NaN,NaN
8,8,1,467.84,4,NaN,NaN
8,8,1,532.71,4,NaN,NaN
8,8,1,563.54,4,NaN,NaN
8,8,1,449.5,4,NaN,NaN
8,8,1,383.65,4,NaN,NaN
8,8,1,625.94,4,NaN,NaN
8,8,1,547.56,4,NaN,NaN
8,8,1,543.45,4,NaN,NaN
8,8,1,529.63,4,NaN,NaN
8,8,1,484.54,4,NaN,NaN
8,8,1,1109.7,4,NaN,NaN
8,8,1,487.3,4,NaN,NaN
8,8,1,428.14,4,NaN,NaN
8,8,1,550.86,4,NaN,NaN
8,8,1,569.92,4,NaN,NaN
8,8,1,858.62,4,NaN,NaN
8,8,1,478.7,4,NaN,NaN
8,8,1,470.2,4,NaN,NaN
8,8,1,1253.1,4,NaN,NaN
8,8,1,956.57,4,NaN,NaN
8,8,1,369.91,4,NaN,NaN
8,8,1,563.16,4,NaN,NaN
8,8,1,440.5,4,NaN,NaN
8,8,1,632.91,4,NaN,NaN
8,8,1,512.84,4,NaN,NaN
8,8,1,525.35,4,NaN,NaN
8,8,1,504.78,4,NaN,NaN
8,8,1,436.74,4,NaN,NaN
8,8,1,845.89,4,NaN,NaN
8,8,1,334.05,4,NaN,NaN
8,8,1,834.78,4,NaN,NaN
8,8,1,429.63,4,NaN,NaN
8,8,1,1207.9,4,NaN,NaN
8,8,1,712.84,4,NaN,NaN
8,8,1,571.54,4,NaN,NaN
8,8,1,386.24,4,NaN,NaN
8,8,1,555.53,4,NaN,NaN
8,8,1,359.82,4,NaN,NaN
8,8,1,425.95,4,NaN,NaN
8,8,1,362.09,4,NaN,NaN
8,8,1,293.68,4,NaN,NaN
8,8,1,576.4,5,NaN,NaN
8,8,1,473.13,5,NaN,NaN
8,8,1,458.32,5,NaN,NaN
8,8,1,402.53,5,NaN,NaN
8,8,1,485.44,5,NaN,NaN
8,8,1,505.59,5,NaN,NaN
8,8,1,566.41,5,NaN,NaN
8,8,1,418.68,5,NaN,NaN
8,8,1,423.67,5,NaN,NaN
8,8,1,442.18,5,NaN,NaN
8,8,1,328.97,5,NaN,NaN
8,8,1,348.43,5,NaN,NaN
8,8,1,584.32,5,NaN,NaN
8,8,1,417.91,5,NaN,NaN
8,8,1,423.93,5,NaN,NaN
8,8,1,340.1,5,NaN,NaN
8,8,1,437.22,5,NaN,NaN
8,8,1,407.51,5,NaN,NaN
8,8,1,381.27,5,NaN,NaN
8,8,1,409.15,5,NaN,NaN
8,8,1,373.6,5,NaN,NaN
8,8,1,394.11,5,NaN,NaN
8,8,1,474.6,5,NaN,NaN
8,8,1,455.05,5,NaN,NaN
8,8,1,391.91,5,NaN,NaN
8,8,1,415.92,5,NaN,NaN
8,8,1,389.29,5,NaN,NaN
8,8,1,489.63,5,NaN,NaN
8,8,1,437.29,5,NaN,NaN
8,8,1,443.58,5,NaN,NaN
8,8,1,464.92,5,NaN,NaN
8,8,1,648.78,5,NaN,NaN
8,8,1,324.1,5,NaN,NaN
8,8,1,425.22,5,NaN,NaN
8,8,1,496.28,5,NaN,NaN
8,8,1,517.69,5,NaN,NaN
8,8,1,430.86,5,NaN,NaN
8,8,1,581.02,5,NaN,NaN
8,8,1,507.39,5,NaN,NaN
8,8,1,564.88,5,NaN,NaN
8,8,1,453.9,5,NaN,NaN
8,8,1,356.8,5,NaN,NaN
8,8,1,318.33,5,NaN,NaN
8,8,1,361.2,5,NaN,NaN
8,8,1,415.98,5,NaN,NaN
8,8,1,1266.9,5,NaN,NaN
8,8,1,407.06,5,NaN,NaN
8,8,1,518.41,5,NaN,NaN
8,8,1,371.5,5,NaN,NaN
8,8,1,453.51,5,NaN,NaN
8,8,1,382.67,5,NaN,NaN
8,8,1,494.93,5,NaN,NaN
8,8,1,410.47,5,NaN,NaN
8,8,1,419.28,5,NaN,NaN
8,8,1,397.81,5,NaN,NaN
8,8,1,389.72,5,NaN,NaN
8,8,1,818.04,5,NaN,NaN
8,8,1,402.16,5,NaN,NaN
8,8,1,571.26,5,NaN,NaN
8,8,1,360.38,5,NaN,NaN
8,8,1,542.6,5,NaN,NaN
8,8,1,501.42,5,NaN,NaN
8,8,1,424.52,5,NaN,NaN
8,8,1,666,5,NaN,NaN
8,8,1,394.99,5,NaN,NaN
8,8,1,435.77,5,NaN,NaN
8,8,1,489.29,5,NaN,NaN
8,8,1,572.45,5,NaN,NaN
8,8,1,570.9,5,NaN,NaN
8,8,1,788.74,5,NaN,NaN
8,8,1,581.81,5,NaN,NaN
8,8,1,406.7,5,NaN,NaN
8,8,1,873.96,5,NaN,NaN
8,8,1,605.69,5,NaN,NaN
8,8,1,476.49,5,NaN,NaN
8,8,1,567.67,5,NaN,NaN
8,8,1,417.43,5,NaN,NaN
8,8,1,361.04,5,NaN,NaN
8,8,1,450.36,5,NaN,NaN
8,8,1,338.01,5,NaN,NaN
8,8,1,529.74,5,NaN,NaN
8,8,1,649.46,5,NaN,NaN
8,8,1,430.91,5,NaN,NaN
8,8,1,291.74,5,NaN,NaN
8,8,1,384.3,5,NaN,NaN
8,8,1,462.69,5,NaN,NaN
8,8,1,431.29,5,NaN,NaN
8,8,1,358.81,5,NaN,NaN
8,8,1,375.4,5,NaN,NaN
8,8,1,406.63,5,NaN,NaN
9,7,1,699.02,2,NaN,NaN
9,7,1,367.62,2,NaN,NaN
9,7,1,493.71,2,NaN,NaN
9,7,1,570.36,2,NaN,NaN
9,7,1,489.28,2,NaN,NaN
9,7,1,652.45,2,NaN,NaN
9,7,1,426.32,2,NaN,NaN
9,7,1,512.67,2,NaN,NaN
9,7,1,501.72,2,NaN,NaN
9,7,1,397.32,2,NaN,NaN
9,7,1,490.09,2,NaN,NaN
9,7,1,665.85,2,NaN,NaN
9,7,1,401.64,2,NaN,NaN
9,7,1,407.21,2,NaN,NaN
9,7,1,470.46,2,NaN,NaN
9,7,1,466.28,2,NaN,NaN
9,7,1,488.8,2,NaN,NaN
9,7,1,437.59,2,NaN,NaN
9,7,1,434.46,2,NaN,NaN
9,7,1,661.19,2,NaN,NaN
9,7,1,469.75,2,NaN,NaN
9,7,1,550.85,2,NaN,NaN
9,7,1,465.69,2,NaN,NaN
9,7,1,449.16,2,NaN,NaN
9,7,1,504.99,2,NaN,NaN
9,7,1,437.28,2,NaN,NaN
9,7,1,498.46,2,NaN,NaN
9,7,1,441.18,2,NaN,NaN
9,7,1,473.86,2,NaN,NaN
9,7,1,840.94,2,NaN,NaN
9,7,1,531.78,2,NaN,NaN
9,7,1,439.13,2,NaN,NaN
9,7,1,407.35,2,NaN,NaN
9,7,1,488.62,2,NaN,NaN
9,7,1,421.51,2,NaN,NaN
9,7,1,442.42,2,NaN,NaN
9,7,1,495.76,2,NaN,NaN
9,7,1,500.45,2,NaN,NaN
9,7,1,444.96,2,NaN,NaN
9,7,1,527.86,2,NaN,NaN
9,7,1,479.45,2,NaN,NaN
9,7,1,702.58,2,NaN,NaN
9,7,1,440.79,2,NaN,NaN
9,7,1,708.51,2,NaN,NaN
9,7,1,403.33,2,NaN,NaN
9,7,1,474.36,2,NaN,NaN
9,7,1,373.98,2,NaN,NaN
9,7,1,481.82,2,NaN,NaN
9,7,1,514.44,2,NaN,NaN
9,7,1,448,2,NaN,NaN
9,7,1,444.01,2,NaN,NaN
9,7,1,645.45,2,NaN,NaN
9,7,1,582.36,2,NaN,NaN
9,7,1,458.28,2,NaN,NaN
9,7,1,348.93,2,NaN,NaN
9,7,1,445.85,2,NaN,NaN
9,7,1,484.01,2,NaN,NaN
9,7,1,479.7,2,NaN,NaN
9,7,1,475.64,2,NaN,NaN
9,7,1,458.83,2,NaN,NaN
9,7,1,600.06,2,NaN,NaN
9,7,1,623.69,2,NaN,NaN
9,7,1,480.45,2,NaN,NaN
9,7,1,468.6,2,NaN,NaN
9,7,1,473.73,2,NaN,NaN
9,7,1,438.68,2,NaN,NaN
9,7,1,829.59,2,NaN,NaN
9,7,1,691.86,2,NaN,NaN
9,7,1,691.77,2,NaN,NaN
9,7,1,380.19,2,NaN,NaN
9,7,1,497.47,2,NaN,NaN
9,7,1,403.01,2,NaN,NaN
9,7,1,460.44,2,NaN,NaN
9,7,1,850.91,2,NaN,NaN
9,7,1,496.71,2,NaN,NaN
9,7,1,587.42,2,NaN,NaN
9,7,1,372.12,2,NaN,NaN
9,7,1,360.55,2,NaN,NaN
9,7,1,388.5,2,NaN,NaN
9,7,1,432.09,2,NaN,NaN
9,7,1,664.66,2,NaN,NaN
9,7,1,554.21,2,NaN,NaN
9,7,1,523.39,2,NaN,NaN
9,7,1,373.24,2,NaN,NaN
9,7,1,494.84,2,NaN,NaN
9,7,1,552.6,2,NaN,NaN
9,7,1,447.76,2,NaN,NaN
9,7,1,647.38,2,NaN,NaN
9,7,1,848.42,2,NaN,NaN
9,7,1,412.63,2,NaN,NaN
9,7,1,585.27,2,NaN,NaN
9,7,1,520.7,2,NaN,NaN
9,7,1,565.76,3,NaN,NaN
9,7,1,433.93,3,NaN,NaN
9,7,1,401.4,3,NaN,NaN
9,7,1,562.77,3,NaN,NaN
9,7,1,368.61,3,NaN,NaN
9,7,1,575.65,3,NaN,NaN
9,7,1,580.33,3,NaN,NaN
9,7,1,533.91,3,NaN,NaN
9,7,1,551.57,3,NaN,NaN
9,7,1,489.11,3,NaN,NaN
9,7,1,539.94,3,NaN,NaN
9,7,1,511.03,3,NaN,NaN
9,7,1,441.29,3,NaN,NaN
9,7,1,432.72,3,NaN,NaN
9,7,1,435.99,3,NaN,NaN
9,7,1,479.18,3,NaN,NaN
9,7,1,435.9,3,NaN,NaN
9,7,1,424.09,3,NaN,NaN
9,7,1,819.41,3,NaN,NaN
9,7,1,411.21,3,NaN,NaN
9,7,1,485.85,3,NaN,NaN
9,7,1,784.72,3,NaN,NaN
9,7,1,536.7,3,NaN,NaN
9,7,1,456.3,3,NaN,NaN
9,7,1,475.03,3,NaN,NaN
9,7,1,411.52,3,NaN,NaN
9,7,1,874.02,3,NaN,NaN
9,7,1,489,3,NaN,NaN
9,7,1,515.09,3,NaN,NaN
9,7,1,514.08,3,NaN,NaN
9,7,1,406.46,3,NaN,NaN
9,7,1,414.63,3,NaN,NaN
9,7,1,455.77,3,NaN,NaN
9,7,1,494.13,3,NaN,NaN
9,7,1,449.6,3,NaN,NaN
9,7,1,547.14,3,NaN,NaN
9,7,1,549.18,3,NaN,NaN
9,7,1,500.48,3,NaN,NaN
9,7,1,492.76,3,NaN,NaN
9,7,1,480.98,3,NaN,NaN
9,7,1,529.59,3,NaN,NaN
9,7,1,493.8,3,NaN,NaN
9,7,1,720.03,3,NaN,NaN
9,7,1,429.15,3,NaN,NaN
9,7,1,394.15,3,NaN,NaN
9,7,1,450.47,3,NaN,NaN
9,7,1,402.46,3,NaN,NaN
9,7,1,431.99,3,NaN,NaN
9,7,1,515.46,3,NaN,NaN
9,7,1,531.15,3,NaN,NaN
9,7,1,513.63,3,NaN,NaN
9,7,1,448.17,3,NaN,NaN
9,7,1,489.73,3,NaN,NaN
9,7,1,515.91,3,NaN,NaN
9,7,1,456.9,3,NaN,NaN
9,7,1,409.96,3,NaN,NaN
9,7,1,486.45,3,NaN,NaN
9,7,1,377.55,3,NaN,NaN
9,7,1,477.06,3,NaN,NaN
9,7,1,521.28,3,NaN,NaN
9,7,1,559.92,3,NaN,NaN
9,7,1,464.26,3,NaN,NaN
9,7,1,538,3,NaN,NaN
9,7,1,472.86,3,NaN,NaN
9,7,1,418.09,3,NaN,NaN
9,7,1,320.93,3,NaN,NaN
9,7,1,388.39,3,NaN,NaN
9,7,1,337.35,3,NaN,NaN
9,7,1,383.63,3,NaN,NaN
9,7,1,455.57,3,NaN,NaN
9,7,1,409.77,3,NaN,NaN
9,7,1,621.37,3,NaN,NaN
9,7,1,432.59,3,NaN,NaN
9,7,1,500.9,3,NaN,NaN
9,7,1,471.97,3,NaN,NaN
9,7,1,469.85,3,NaN,NaN
9,7,1,542.7,3,NaN,NaN
9,7,1,465.55,3,NaN,NaN
9,7,1,572.51,3,NaN,NaN
9,7,1,431.84,3,NaN,NaN
9,7,1,439.17,3,NaN,NaN
9,7,1,368.35,3,NaN,NaN
9,7,1,362.5,3,NaN,NaN
9,7,1,458.82,3,NaN,NaN
9,7,1,547.73,3,NaN,NaN
9,7,1,435.52,3,NaN,NaN
9,7,1,517.96,3,NaN,NaN
9,7,1,491.78,3,NaN,NaN
9,7,1,597.45,3,NaN,NaN
9,7,1,600.84,3,NaN,NaN
9,7,1,466.85,3,NaN,NaN
9,7,1,478.49,3,NaN,NaN
9,7,1,548.03,3,NaN,NaN
9,7,1,507.08,4,NaN,NaN
9,7,1,454.92,4,NaN,NaN
9,7,1,490.38,4,NaN,NaN
9,7,1,495.49,4,NaN,NaN
9,7,1,414.51,4,NaN,NaN
9,7,1,392.5,4,NaN,NaN
9,7,1,409.31,4,NaN,NaN
9,7,1,448.77,4,NaN,NaN
9,7,1,462.96,4,NaN,NaN
9,7,1,462.29,4,NaN,NaN
9,7,1,377.36,4,NaN,NaN
9,7,1,370.14,4,NaN,NaN
9,7,1,464.52,4,NaN,NaN
9,7,1,388.86,4,NaN,NaN
9,7,1,382.54,4,NaN,NaN
9,7,1,415.44,4,NaN,NaN
9,7,1,475.98,4,NaN,NaN
9,7,1,458.33,4,NaN,NaN
9,7,1,413.57,4,NaN,NaN
9,7,1,397.4,4,NaN,NaN
9,7,1,501.95,4,NaN,NaN
9,7,1,422.67,4,NaN,NaN
9,7,1,458.53,4,NaN,NaN
9,7,1,506.15,4,NaN,NaN
9,7,1,397.3,4,NaN,NaN
9,7,1,440.56,4,NaN,NaN
9,7,1,436.58,4,NaN,NaN
9,7,1,520.1,4,NaN,NaN
9,7,1,424.96,4,NaN,NaN
9,7,1,356.03,4,NaN,NaN
9,7,1,467.16,4,NaN,NaN
9,7,1,468.87,4,NaN,NaN
9,7,1,401.66,4,NaN,NaN
9,7,1,442.52,4,NaN,NaN
9,7,1,500.33,4,NaN,NaN
9,7,1,518.19,4,NaN,NaN
9,7,1,523.92,4,NaN,NaN
9,7,1,504.4,4,NaN,NaN
9,7,1,339.25,4,NaN,NaN
9,7,1,411.82,4,NaN,NaN
9,7,1,527.23,4,NaN,NaN
9,7,1,396.41,4,NaN,NaN
9,7,1,579.6,4,NaN,NaN
9,7,1,687.42,4,NaN,NaN
9,7,1,439.08,4,NaN,NaN
9,7,1,762.35,4,NaN,NaN
9,7,1,662.89,4,NaN,NaN
9,7,1,1023.5,4,NaN,NaN
9,7,1,558.4,4,NaN,NaN
9,7,1,444.21,4,NaN,NaN
9,7,1,473.34,4,NaN,NaN
9,7,1,444.9,4,NaN,NaN
9,7,1,446.15,4,NaN,NaN
9,7,1,458.67,4,NaN,NaN
9,7,1,396.08,4,NaN,NaN
9,7,1,529.06,4,NaN,NaN
9,7,1,454.74,4,NaN,NaN
9,7,1,440.13,4,NaN,NaN
9,7,1,497.64,4,NaN,NaN
9,7,1,499.36,4,NaN,NaN
9,7,1,424.15,4,NaN,NaN
9,7,1,502.4,4,NaN,NaN
9,7,1,487.43,4,NaN,NaN
9,7,1,564.16,4,NaN,NaN
9,7,1,474.06,4,NaN,NaN
9,7,1,439.34,4,NaN,NaN
9,7,1,366.15,4,NaN,NaN
9,7,1,428.64,4,NaN,NaN
9,7,1,415.15,4,NaN,NaN
9,7,1,456.91,4,NaN,NaN
9,7,1,1097.5,4,NaN,NaN
9,7,1,510.8,4,NaN,NaN
9,7,1,423.33,4,NaN,NaN
9,7,1,459.57,4,NaN,NaN
9,7,1,412.19,4,NaN,NaN
9,7,1,406.29,4,NaN,NaN
9,7,1,571.26,4,NaN,NaN
9,7,1,416.95,4,NaN,NaN
9,7,1,371.92,4,NaN,NaN
9,7,1,334,4,NaN,NaN
9,7,1,444.28,4,NaN,NaN
9,7,1,463.74,4,NaN,NaN
9,7,1,589.88,4,NaN,NaN
9,7,1,814.17,4,NaN,NaN
9,7,1,969.75,4,NaN,NaN
9,7,1,463.35,4,NaN,NaN
9,7,1,389.53,4,NaN,NaN
9,7,1,396.29,4,NaN,NaN
9,7,1,332.23,4,NaN,NaN
9,7,1,362.47,4,NaN,NaN
9,7,1,508.33,5,NaN,NaN
9,7,1,486.11,5,NaN,NaN
9,7,1,378.37,5,NaN,NaN
9,7,1,515.73,5,NaN,NaN
9,7,1,459.16,5,NaN,NaN
9,7,1,417.98,5,NaN,NaN
9,7,1,393.35,5,NaN,NaN
9,7,1,601.21,5,NaN,NaN
9,7,1,496.93,5,NaN,NaN
9,7,1,418.83,5,NaN,NaN
9,7,1,335.2,5,NaN,NaN
9,7,1,384.87,5,NaN,NaN
9,7,1,317.42,5,NaN,NaN
9,7,1,344.95,5,NaN,NaN
9,7,1,347.68,5,NaN,NaN
9,7,1,324.22,5,NaN,NaN
9,7,1,487,5,NaN,NaN
9,7,1,401.14,5,NaN,NaN
9,7,1,363.33,5,NaN,NaN
9,7,1,407.69,5,NaN,NaN
9,7,1,511.96,5,NaN,NaN
9,7,1,607.43,5,NaN,NaN
9,7,1,495.79,5,NaN,NaN
9,7,1,357.19,5,NaN,NaN
9,7,1,394.72,5,NaN,NaN
9,7,1,373.81,5,NaN,NaN
9,7,1,460.06,5,NaN,NaN
9,7,1,448.51,5,NaN,NaN
9,7,1,450.83,5,NaN,NaN
9,7,1,549.91,5,NaN,NaN
9,7,1,449.64,5,NaN,NaN
9,7,1,325.67,5,NaN,NaN
9,7,1,534.74,5,NaN,NaN
9,7,1,595.06,5,NaN,NaN
9,7,1,398.09,5,NaN,NaN
9,7,1,411.56,5,NaN,NaN
9,7,1,369,5,NaN,NaN
9,7,1,427.16,5,NaN,NaN
9,7,1,622.04,5,NaN,NaN
9,7,1,307.86,5,NaN,NaN
9,7,1,450.97,5,NaN,NaN
9,7,1,434.65,5,NaN,NaN
9,7,1,579.08,5,NaN,NaN
9,7,1,390.84,5,NaN,NaN
9,7,1,546.71,5,NaN,NaN
9,7,1,510.46,5,NaN,NaN
9,7,1,315.42,5,NaN,NaN
9,7,1,374.59,5,NaN,NaN
9,7,1,501.17,5,NaN,NaN
9,7,1,396.96,5,NaN,NaN
9,7,1,381.02,5,NaN,NaN
9,7,1,548.69,5,NaN,NaN
9,7,1,532.09,5,NaN,NaN
9,7,1,424.09,5,NaN,NaN
9,7,1,492.61,5,NaN,NaN
9,7,1,415.49,5,NaN,NaN
9,7,1,442.77,5,NaN,NaN
9,7,1,387.77,5,NaN,NaN
9,7,1,378.89,5,NaN,NaN
9,7,1,364.54,5,NaN,NaN
9,7,1,663.87,5,NaN,NaN
9,7,1,416.23,5,NaN,NaN
9,7,1,416.68,5,NaN,NaN
9,7,1,598.03,5,NaN,NaN
9,7,1,385.88,5,NaN,NaN
9,7,1,285.08,5,NaN,NaN
9,7,1,460.69,5,NaN,NaN
9,7,1,308.5,5,NaN,NaN
9,7,1,503.28,5,NaN,NaN
9,7,1,382.33,5,NaN,NaN
9,7,1,360.86,5,NaN,NaN
9,7,1,497.19,5,NaN,NaN
9,7,1,532.52,5,NaN,NaN
9,7,1,503.5,5,NaN,NaN
9,7,1,940.92,5,NaN,NaN
9,7,1,554.54,5,NaN,NaN
9,7,1,328.03,5,NaN,NaN
9,7,1,416.81,5,NaN,NaN
9,7,1,435.56,5,NaN,NaN
9,7,1,355.09,5,NaN,NaN
9,7,1,377.26,5,NaN,NaN
9,7,1,331.37,5,NaN,NaN
9,7,1,495.37,5,NaN,NaN
9,7,1,448.55,5,NaN,NaN
9,7,1,434.96,5,NaN,NaN
9,7,1,441.79,5,NaN,NaN
9,7,1,396.25,5,NaN,NaN
9,7,1,390.57,5,NaN,NaN
9,7,1,416.09,5,NaN,NaN
9,7,1,658.32,5,NaN,NaN
