1,9,1,537.21,2,0,0
1,9,1,535.25,2,0,0
1,9,1,524.99,2,0,0
1,9,1,523.49,2,0,0
1,9,1,446.21,2,0,0
1,9,1,580.08,2,0,0
1,9,1,491.25,2,0,0
1,9,1,413.35,2,0,0
1,9,1,499.88,2,0,0
1,9,1,470.55,2,0,0
1,9,1,653.77,2,0,0
1,9,1,532.71,2,0,0
1,9,1,599.12,2,0,0
1,9,1,587.63,2,0,0
1,9,1,712.52,2,0,0
1,9,1,457.71,2,0,0
1,9,1,578.82,2,0,0
1,9,1,613.46,2,0,0
1,9,1,667.22,2,0,0
1,9,1,556.82,2,0,0
1,9,1,446.82,2,0,0
1,9,1,654.27,2,0,0
1,9,1,449.37,2,0,0
1,9,1,568.39,2,0,0
1,9,1,616.65,2,0,0
1,9,1,665.96,2,0,0
1,9,1,546.92,2,0,0
1,9,1,469.17,2,0,0
1,9,1,567.41,2,0,0
1,9,1,578.16,2,0,0
1,9,1,481.14,2,0,0
1,9,1,481.49,2,0,0
1,9,1,599.75,2,0,0
1,9,1,655.72,2,0,0
1,9,1,544.58,2,0,0
1,9,1,558.83,2,0,0
1,9,1,586.66,2,0,0
1,9,1,622.92,2,0,0
1,9,1,479.57,2,0,0
1,9,1,416.23,2,0,0
1,9,1,588.26,2,0,0
1,9,1,359.31,2,0,0
1,9,1,490.13,2,0,0
1,9,1,598.03,2,0,0
1,9,1,545.47,2,0,0
1,9,1,392.72,2,0,0
1,9,1,577.61,2,0,0
1,9,1,533.29,2,0,0
1,9,1,566.82,2,0,0
1,9,1,446.71,2,0,0
1,9,1,588.01,2,0,0
1,9,1,720.51,2,0,0
1,9,1,490.86,2,0,0
1,9,1,478.69,2,0,0
1,9,1,576.08,2,0,0
1,9,1,447.77,2,0,0
1,9,1,413.56,2,0,0
1,9,1,571.17,2,0,0
1,9,1,457.03,2,0,0
1,9,1,533.6,2,0,0
1,9,1,576.24,2,0,0
1,9,1,520.96,2,0,0
1,9,1,683.48,2,0,0
1,9,1,1099.4,2,0,0
1,9,1,467.08,2,0,0
1,9,1,456.52,2,0,0
1,9,1,358.62,2,0,0
1,9,1,505.46,2,0,0
1,9,1,434.27,2,0,0
1,9,1,686.91,2,0,0
1,9,1,406.78,2,0,0
1,9,1,522.44,2,0,0
1,9,1,469.84,2,0,0
1,9,1,434.69,2,0,0
1,9,1,445.16,2,0,0
1,9,1,427.4,2,0,0
1,9,1,380.29,2,0,0
1,9,1,544.65,2,0,0
1,9,1,402.31,2,0,0
1,9,1,521.77,2,0,0
1,9,1,520.81,2,0,0
1,9,1,521.87,2,0,0
1,9,1,478.05,2,0,0
1,9,1,468.5,2,0,0
1,9,1,561.5,2,0,0
1,9,1,494.09,2,0,0
1,9,1,502.38,2,0,0
1,9,1,557.03,2,0,0
1,9,1,795.95,3,0,0
1,9,1,525.42,3,0,0
1,9,1,524.68,3,0,0
1,9,1,456.96,3,0,0
1,9,1,694.62,3,0,0
1,9,1,815.03,3,0,0
1,9,1,654.46,3,0,0
1,9,1,390.98,3,0,0
1,9,1,1012.5,3,0,0
1,9,1,490.77,3,0,0
1,9,1,610.09,3,0,0
1,9,1,450.93,3,0,0
1,9,1,1098.2,3,0,0
1,9,1,690.87,3,0,0
1,9,1,414.7,3,0,0
1,9,1,413.64,3,0,0
1,9,1,415.78,3,0,0
1,9,1,522.22,3,0,0
1,9,1,490.44,3,0,0
1,9,1,447.99,3,0,0
1,9,1,370.81,3,0,0
1,9,1,318.91,3,0,0
1,9,1,557.5,3,0,0
1,9,1,677.92,3,0,0
1,9,1,761.74,3,0,0
1,9,1,521.8,3,0,0
1,9,1,676.15,3,0,0
1,9,1,729.33,3,0,0
1,9,1,479.75,3,0,0
1,9,1,752.74,3,0,0
1,9,1,1012.3,3,0,0
1,9,1,327.99,3,0,0
1,9,1,534.08,3,0,0
1,9,1,520.99,3,0,0
1,9,1,402.13,3,0,0
1,9,1,956.04,3,0,0
1,9,1,599.24,3,0,0
1,9,1,455.99,3,0,0
1,9,1,729.19,3,0,0
1,9,1,390.79,3,0,0
1,9,1,917.37,3,0,0
1,9,1,572.67,3,0,0
1,9,1,553.47,3,0,0
1,9,1,642.63,3,0,0
1,9,1,748.97,3,0,0
1,9,1,522.76,3,0,0
1,9,1,876.6,3,0,0
1,9,1,456.48,3,0,0
1,9,1,533.62,3,0,0
1,9,1,520.95,3,0,0
1,9,1,489.18,3,0,0
1,9,1,542.8,3,0,0
1,9,1,611.73,3,0,0
1,9,1,413.7,3,0,0
1,9,1,413.93,3,0,0
1,9,1,467.59,3,0,0
1,9,1,567.29,3,0,0
1,9,1,1170.8,3,0,0
1,9,1,438.76,3,0,0
1,9,1,402.19,3,0,0
1,9,1,762.81,3,0,0
1,9,1,522.59,3,0,0
1,9,1,520.87,3,0,0
1,9,1,738.5,3,0,0
1,9,1,802.79,3,0,0
1,9,1,435.11,3,0,0
1,9,1,466.81,3,0,0
1,9,1,437.61,3,0,0
1,9,1,445.65,3,0,0
1,9,1,412.59,3,0,0
1,9,1,533.55,3,0,0
1,9,1,437.62,3,0,0
1,9,1,447.79,3,0,0
1,9,1,509.12,3,0,0
1,9,1,543.93,3,0,0
1,9,1,435.19,3,0,0
1,9,1,456.34,3,0,0
1,9,1,489.57,3,0,0
1,9,1,521.02,3,0,0
1,9,1,763.55,3,0,0
1,9,1,532.88,3,0,0
1,9,1,434.23,3,0,0
1,9,1,533.66,3,0,0
1,9,1,521.39,3,0,0
1,9,1,531.82,3,0,0
1,9,1,575.91,3,0,0
1,9,1,881.33,3,0,0
1,9,1,566.65,3,0,0
1,9,1,576.41,3,0,0
1,9,1,458.45,3,0,0
1,9,1,478.29,3,0,0
1,9,1,386.76,4,0,0
1,9,1,439.09,4,0,0
1,9,1,462.74,4,0,0
1,9,1,406.66,4,0,0
1,9,1,437.9,4,0,0
1,9,1,427.77,4,0,0
1,9,1,522.66,4,0,0
1,9,1,448.64,4,0,0
1,9,1,576.14,4,0,0
1,9,1,437.9,4,0,0
1,9,1,501.02,4,0,0
1,9,1,613.1,4,0,0
1,9,1,513.03,4,0,0
1,9,1,651.49,4,0,0
1,9,1,416.66,4,0,0
1,9,1,363,4,0,0
1,9,1,536,4,0,0
1,9,1,501.9,4,0,0
1,9,1,641.7,4,0,0
1,9,1,543.33,4,0,0
1,9,1,651.03,4,0,0
1,9,1,337.17,4,0,0
1,9,1,848.14,4,0,0
1,9,1,1149.1,4,0,0
1,9,1,577.74,4,0,0
1,9,1,661.05,4,0,0
1,9,1,469.76,4,0,0
1,9,1,348.07,4,0,0
1,9,1,640.39,4,0,0
1,9,1,444.68,4,0,0
1,9,1,466.69,4,0,0
1,9,1,672.04,4,0,0
1,9,1,488.14,4,0,0
1,9,1,433.9,4,0,0
1,9,1,466.18,4,0,0
1,9,1,412.53,4,0,0
1,9,1,488.41,4,0,0
1,9,1,371.17,4,0,0
1,9,1,390.88,4,0,0
1,9,1,444.64,4,0,0
1,9,1,447.9,4,0,0
1,9,1,499,4,0,0
1,9,1,455.56,4,0,0
1,9,1,369.07,4,0,0
1,9,1,631.98,4,0,0
1,9,1,358.71,4,0,0
1,9,1,511.94,4,0,0
1,9,1,412.51,4,0,0
1,9,1,543,4,0,0
1,9,1,468.25,4,0,0
1,9,1,414.69,4,0,0
1,9,1,413.52,4,0,0
1,9,1,466.1,4,0,0
1,9,1,368.66,4,0,0
1,9,1,487.42,4,0,0
1,9,1,488.48,4,0,0
1,9,1,455.41,4,0,0
1,9,1,403.04,4,0,0
1,9,1,467.19,4,0,0
1,9,1,542.12,4,0,0
1,9,1,488.75,4,0,0
1,9,1,543.29,4,0,0
1,9,1,469.85,4,0,0
1,9,1,426.84,4,0,0
1,9,1,457.5,4,0,0
1,9,1,629.03,4,0,0
1,9,1,500.25,4,0,0
1,9,1,577.42,4,0,0
1,9,1,521.88,4,0,0
1,9,1,479.75,4,0,0
1,9,1,521.68,4,0,0
1,9,1,630.94,4,0,0
1,9,1,456.28,4,0,0
1,9,1,498.64,4,0,0
1,9,1,413.46,4,0,0
1,9,1,417.11,4,0,0
1,9,1,469.43,4,0,0
1,9,1,412.83,4,0,0
1,9,1,477.77,4,0,0
1,9,1,429.15,4,0,0
1,9,1,565.32,4,0,0
1,9,1,402.51,4,0,0
1,9,1,380.65,4,0,0
1,9,1,434.74,4,0,0
1,9,1,435.73,4,0,0
1,9,1,434.54,4,0,0
1,9,1,489.57,4,0,0
1,9,1,531.28,4,0,0
1,9,1,466.28,4,0,0
1,9,1,465.98,4,0,0
1,9,1,521.49,4,0,0
1,9,1,397.4,5,0,0
1,9,1,459.64,5,0,0
1,9,1,450.4,5,0,0
1,9,1,502.55,5,0,0
1,9,1,505,5,0,0
1,9,1,537.88,5,0,0
1,9,1,364.14,5,0,0
1,9,1,620.75,5,0,0
1,9,1,406.65,5,0,0
1,9,1,375.8,5,0,0
1,9,1,429.45,5,0,0
1,9,1,438.42,5,0,0
1,9,1,363.82,5,0,0
1,9,1,449.1,5,0,0
1,9,1,492.46,5,0,0
1,9,1,459.95,5,0,0
1,9,1,335.8,5,0,0
1,9,1,535.02,5,0,0
1,9,1,521.47,5,0,0
1,9,1,401.8,5,0,0
1,9,1,478.46,5,0,0
1,9,1,390.56,5,0,0
1,9,1,379.19,5,0,0
1,9,1,522.27,5,0,0
1,9,1,466.39,5,0,0
1,9,1,358.48,5,0,0
1,9,1,455.39,5,0,0
1,9,1,434.73,5,0,0
1,9,1,522.99,5,0,0
1,9,1,457.23,5,0,0
1,9,1,479.09,5,0,0
1,9,1,586.69,5,0,0
1,9,1,456.38,5,0,0
1,9,1,521.39,5,0,0
1,9,1,459.05,5,0,0
1,9,1,477.71,5,0,0
1,9,1,565.21,5,0,0
1,9,1,444.89,5,0,0
1,9,1,674.47,5,0,0
1,9,1,598.37,5,0,0
1,9,1,350.25,5,0,0
1,9,1,446.84,5,0,0
1,9,1,818.09,5,0,0
1,9,1,423.49,5,0,0
1,9,1,469.35,5,0,0
1,9,1,564.93,5,0,0
1,9,1,456.72,5,0,0
1,9,1,564.56,5,0,0
1,9,1,466.76,5,0,0
1,9,1,480.32,5,0,0
1,9,1,588.3,5,0,0
1,9,1,435.58,5,0,0
1,9,1,350.46,5,0,0
1,9,1,470.4,5,0,0
1,9,1,545.91,5,0,0
1,9,1,436.16,5,0,0
1,9,1,513.3,5,0,0
1,9,1,435.48,5,0,0
1,9,1,369.92,5,0,0
1,9,1,532.7,5,0,0
1,9,1,326.5,5,0,0
1,9,1,195.73,5,0,0
1,9,1,401.99,5,0,0
1,9,1,488.45,5,0,0
1,9,1,489.03,5,0,0
1,9,1,488.11,5,0,0
1,9,1,467.05,5,0,0
1,9,1,337.94,5,0,0
1,9,1,369.96,5,0,0
1,9,1,414.6,5,0,0
1,9,1,511.78,5,0,0
1,9,1,490.95,5,0,0
1,9,1,381,5,0,0
1,9,1,479.14,5,0,0
1,9,1,446.12,5,0,0
1,9,1,445.18,5,0,0
1,9,1,445.19,5,0,0
1,9,1,492.09,5,0,0
1,9,1,359.06,5,0,0
1,9,1,642.51,5,0,0
1,9,1,542.83,5,0,0
1,9,1,369.21,5,0,0
1,9,1,480.04,5,0,0
1,9,1,348.54,5,0,0
1,9,1,523.21,5,0,0
1,9,1,426.54,5,0,0
1,9,1,435.18,5,0,0
1,9,1,468.4,5,0,0
1,9,1,533.99,5,0,0
1,9,1,412.64,5,0,0
1,9,1,587.59,5,0,0
1,9,1,413.41,5,0,0
1,9,1,527.12,5,0,0
2,6,1,984.44,2,1,0
2,6,1,1026.8,2,1,0
2,6,1,761.86,2,1,0
2,6,1,969.45,2,1,0
2,6,1,729.03,2,1,0
2,6,1,1196.6,2,1,0
2,6,1,456.64,2,1,0
2,6,1,664.53,2,1,0
2,6,1,1217.2,2,1,0
2,6,1,1571.6,2,1,0
2,6,1,904.62,2,1,0
2,6,1,1089.8,2,1,0
2,6,1,794.05,2,1,0
2,6,1,1415.5,2,1,0
2,6,1,493.27,2,1,0
2,6,1,1214.3,2,1,0
2,6,1,708.17,2,1,0
2,6,1,1275.5,2,1,0
2,6,1,752.97,2,1,0
2,6,1,556.62,2,1,0
2,6,1,547.34,2,1,0
2,6,1,677.13,2,1,0
2,6,1,679.79,2,1,0
2,6,1,556.54,2,1,0
2,6,1,435.85,2,1,0
2,6,1,402.75,2,1,0
2,6,1,1544.1,2,1,0
2,6,1,578.34,2,1,0
2,6,1,919.2,2,1,0
2,6,1,709.35,2,1,0
2,6,1,1131,2,1,0
2,6,1,1123.5,2,1,0
2,6,1,505.38,2,1,0
2,6,1,664.58,2,1,0
2,6,1,467.04,2,1,0
2,6,1,847.4,2,1,0
2,6,1,644.5,2,1,0
2,6,1,895.37,2,1,0
2,6,1,1256.8,2,1,0
2,6,1,986.15,2,1,0
2,6,1,865.83,2,1,0
2,6,1,609.97,2,1,0
2,6,1,837.06,2,1,0
2,6,1,708.03,2,1,0
2,6,1,1042.2,2,1,0
2,6,1,771.54,2,1,0
2,6,1,521.87,2,1,0
2,6,1,885.36,2,1,0
2,6,1,593.38,2,1,0
2,6,1,677.17,2,1,0
2,6,1,716.31,2,1,0
2,6,1,555.88,2,1,0
2,6,1,597.25,2,1,0
2,6,1,620.18,2,1,0
2,6,1,1103.5,2,1,0
2,6,1,781.3,2,1,0
2,6,1,435.05,2,1,0
2,6,1,532.6,2,1,0
2,6,1,620.14,2,1,0
2,6,1,890.75,2,1,0
2,6,1,739.8,2,1,0
2,6,1,643.65,2,1,0
2,6,1,489.75,2,1,0
2,6,1,488.81,2,1,0
2,6,1,423.22,2,1,0
2,6,1,413.57,2,1,0
2,6,1,488.96,2,1,0
2,6,1,781.94,2,1,0
2,6,1,641.5,2,1,0
2,6,1,545.04,2,1,0
2,6,1,748.93,2,1,0
2,6,1,592.04,2,1,0
2,6,1,586.55,2,1,0
2,6,1,825.24,2,1,0
2,6,1,1021.7,2,1,0
2,6,1,979.7,2,1,0
2,6,1,468.22,2,1,0
2,6,1,905.26,2,1,0
2,6,1,348.01,2,1,0
2,6,1,610.33,2,1,0
2,6,1,784.03,3,1,0
2,6,1,818.88,3,1,0
2,6,1,619.8,3,1,0
2,6,1,1206.9,3,1,0
2,6,1,827.35,3,1,0
2,6,1,1511.6,3,1,0
2,6,1,444.73,3,1,0
2,6,1,672.72,3,1,0
2,6,1,501.77,3,1,0
2,6,1,621.44,3,1,0
2,6,1,446.03,3,1,0
2,6,1,434.81,3,1,0
2,6,1,849.51,3,1,0
2,6,1,740.95,3,1,0
2,6,1,437.53,3,1,0
2,6,1,588.21,3,1,0
2,6,1,446.23,3,1,0
2,6,1,534.79,3,1,0
2,6,1,514.82,3,1,0
2,6,1,501.86,3,1,0
2,6,1,413.37,3,1,0
2,6,1,423.9,3,1,0
2,6,1,880.96,3,1,0
2,6,1,874.5,3,1,0
2,6,1,860.81,3,1,0
2,6,1,517.9,3,1,0
2,6,1,484.38,3,1,0
2,6,1,1285.9,3,1,0
2,6,1,467.78,3,1,0
2,6,1,1109,3,1,0
2,6,1,1152.3,3,1,0
2,6,1,401.4,3,1,0
2,6,1,700.01,3,1,0
2,6,1,1482.4,3,1,0
2,6,1,629.57,3,1,0
2,6,1,718.06,3,1,0
2,6,1,575.46,3,1,0
2,6,1,1045.9,3,1,0
2,6,1,1358.1,3,1,0
2,6,1,1617.1,3,1,0
2,6,1,1192.2,3,1,0
2,6,1,534.21,3,1,0
2,6,1,996.36,3,1,0
2,6,1,651.01,3,1,0
2,6,1,914.45,3,1,0
2,6,1,715.47,3,1,0
2,6,1,671.75,3,1,0
2,6,1,488.54,3,1,0
2,6,1,501.09,3,1,0
2,6,1,444.68,3,1,0
2,6,1,657.02,3,1,0
2,6,1,359.18,3,1,0
2,6,1,666.55,3,1,0
2,6,1,446.69,3,1,0
2,6,1,542.13,3,1,0
2,6,1,1338.4,3,1,0
2,6,1,716.84,3,1,0
2,6,1,451.38,3,1,0
2,6,1,543.4,3,1,0
2,6,1,652.69,3,1,0
2,6,1,565.46,3,1,0
2,6,1,445.61,3,1,0
2,6,1,1279,3,1,0
2,6,1,521.42,3,1,0
2,6,1,554.09,3,1,0
2,6,1,446.34,3,1,0
2,6,1,434.16,3,1,0
2,6,1,293.82,3,1,0
2,6,1,499.04,3,1,0
2,6,1,330.96,3,1,0
2,6,1,676.02,3,1,0
2,6,1,448.12,3,1,0
2,6,1,553.89,3,1,0
2,6,1,489.33,3,1,0
2,6,1,716.14,3,1,0
2,6,1,848.69,3,1,0
2,6,1,704.09,3,1,0
2,6,1,705.94,3,1,0
2,6,1,458.44,3,1,0
2,6,1,546.5,3,1,0
2,6,1,664.63,3,1,0
2,6,1,846.88,3,1,0
2,6,1,556.01,3,1,0
2,6,1,468.9,3,1,0
2,6,1,684.96,3,1,0
2,6,1,489.43,3,1,0
2,6,1,676.13,4,1,0
2,6,1,418.87,4,1,0
2,6,1,693.31,4,1,0
2,6,1,537.11,4,1,0
2,6,1,645.49,4,1,0
2,6,1,601.89,4,1,0
2,6,1,459.95,4,1,0
2,6,1,437.72,4,1,0
2,6,1,522.86,4,1,0
2,6,1,535.17,4,1,0
2,6,1,642.24,4,1,0
2,6,1,383.45,4,1,0
2,6,1,756.03,4,1,0
2,6,1,587.14,4,1,0
2,6,1,747.6,4,1,0
2,6,1,608.01,4,1,0
2,6,1,511.68,4,1,0
2,6,1,705.16,4,1,0
2,6,1,358.69,4,1,0
2,6,1,435.24,4,1,0
2,6,1,575.92,4,1,0
2,6,1,651.83,4,1,0
2,6,1,662.32,4,1,0
2,6,1,489.43,4,1,0
2,6,1,531.83,4,1,0
2,6,1,575.61,4,1,0
2,6,1,903.87,4,1,0
2,6,1,576.4,4,1,0
2,6,1,771.78,4,1,0
2,6,1,574.96,4,1,0
2,6,1,468.65,4,1,0
2,6,1,508.45,4,1,0
2,6,1,315.41,4,1,0
2,6,1,358.18,4,1,0
2,6,1,520.57,4,1,0
2,6,1,392.16,4,1,0
2,6,1,499.43,4,1,0
2,6,1,487.73,4,1,0
2,6,1,402.44,4,1,0
2,6,1,597.19,4,1,0
2,6,1,380.04,4,1,0
2,6,1,487.06,4,1,0
2,6,1,413.15,4,1,0
2,6,1,467.19,4,1,0
2,6,1,336.98,4,1,0
2,6,1,1260.8,4,1,0
2,6,1,727.56,4,1,0
2,6,1,531.54,4,1,0
2,6,1,533.03,4,1,0
2,6,1,595.97,4,1,0
2,6,1,328.53,4,1,0
2,6,1,520.23,4,1,0
2,6,1,605.72,4,1,0
2,6,1,520.43,4,1,0
2,6,1,447.7,4,1,0
2,6,1,434.76,4,1,0
2,6,1,466.62,4,1,0
2,6,1,868.86,4,1,0
2,6,1,606.7,4,1,0
2,6,1,542.88,4,1,0
2,6,1,543.17,4,1,0
2,6,1,846.66,4,1,0
2,6,1,695.1,4,1,0
2,6,1,678.86,4,1,0
2,6,1,630.9,4,1,0
2,6,1,611.71,4,1,0
2,6,1,434.85,4,1,0
2,6,1,760.13,4,1,0
2,6,1,489.19,4,1,0
2,6,1,555.08,4,1,0
2,6,1,499.54,4,1,0
2,6,1,466.91,4,1,0
2,6,1,651.73,4,1,0
2,6,1,1600.2,4,1,0
2,6,1,369.69,4,1,0
2,6,1,529.47,4,1,0
2,6,1,643.1,4,1,0
2,6,1,368.91,4,1,0
2,6,1,477.52,4,1,0
2,6,1,436.85,4,1,0
2,6,1,521.58,4,1,0
2,6,1,640.78,4,1,0
2,6,1,488.75,4,1,0
2,6,1,467.23,4,1,0
2,6,1,391.99,4,1,0
2,6,1,455.34,4,1,0
2,6,1,424.52,4,1,0
2,6,1,653.15,4,1,0
2,6,1,433.23,4,1,0
2,6,1,653.63,4,1,0
2,6,1,467.03,4,1,0
2,6,1,747.14,4,1,0
2,6,1,323.55,5,1,0
2,6,1,356.21,5,1,0
2,6,1,353.39,5,1,0
2,6,1,1131,5,1,0
2,6,1,385.49,5,1,0
2,6,1,461.06,5,1,0
2,6,1,547.52,5,1,0
2,6,1,548.33,5,1,0
2,6,1,429.2,5,1,0
2,6,1,495.69,5,1,0
2,6,1,492.87,5,1,0
2,6,1,492.76,5,1,0
2,6,1,556.06,5,1,0
2,6,1,427.71,5,1,0
2,6,1,407.24,5,1,0
2,6,1,641.46,5,1,0
2,6,1,390.13,5,1,0
2,6,1,424.42,5,1,0
2,6,1,424.61,5,1,0
2,6,1,535.16,5,1,0
2,6,1,575.32,5,1,0
2,6,1,610.31,5,1,0
2,6,1,413.51,5,1,0
2,6,1,554.7,5,1,0
2,6,1,558.34,5,1,0
2,6,1,478.43,5,1,0
2,6,1,521.65,5,1,0
2,6,1,480.32,5,1,0
2,6,1,706.01,5,1,0
2,6,1,456.1,5,1,0
2,6,1,458.1,5,1,0
2,6,1,391.24,5,1,0
2,6,1,749.8,5,1,0
2,6,1,541.73,5,1,0
2,6,1,446.29,5,1,0
2,6,1,586.96,5,1,0
2,6,1,585.76,5,1,0
2,6,1,466.52,5,1,0
2,6,1,598.51,5,1,0
2,6,1,711.64,5,1,0
2,6,1,804.28,5,1,0
2,6,1,499.27,5,1,0
2,6,1,447.5,5,1,0
2,6,1,338.04,5,1,0
2,6,1,622.61,5,1,0
2,6,1,609.42,5,1,0
2,6,1,647.57,5,1,0
2,6,1,748.31,5,1,0
2,6,1,446.51,5,1,0
2,6,1,413.97,5,1,0
2,6,1,838.48,5,1,0
2,6,1,567.13,5,1,0
2,6,1,554.42,5,1,0
2,6,1,434.99,5,1,0
2,6,1,404.13,5,1,0
2,6,1,402.92,5,1,0
2,6,1,434.63,5,1,0
2,6,1,575.46,5,1,0
2,6,1,425.86,5,1,0
2,6,1,392.26,5,1,0
2,6,1,305.14,5,1,0
2,6,1,457.79,5,1,0
2,6,1,501.16,5,1,0
2,6,1,609.65,5,1,0
2,6,1,543.68,5,1,0
2,6,1,437.38,5,1,0
2,6,1,435.02,5,1,0
2,6,1,534.19,5,1,0
2,6,1,610.27,5,1,0
2,6,1,673.98,5,1,0
2,6,1,597.58,5,1,0
2,6,1,534.34,5,1,0
2,6,1,509.79,5,1,0
2,6,1,401.81,5,1,0
2,6,1,760.92,5,1,0
2,6,1,370.14,5,1,0
2,6,1,575.91,5,1,0
2,6,1,412.5,5,1,0
2,6,1,435.87,5,1,0
2,6,1,434.43,5,1,0
2,6,1,435.5,5,1,0
2,6,1,445.18,5,1,0
2,6,1,608.74,5,1,0
2,6,1,381.38,5,1,0
2,6,1,414.01,5,1,0
2,6,1,456.38,5,1,0
2,6,1,446.48,5,1,0
2,6,1,578.13,5,1,0
2,6,1,392.86,5,1,0
2,6,1,629.48,5,1,0
2,6,1,381.13,5,1,0
2,6,1,409.35,5,1,0
2,6,1,316.94,5,1,0
3,8,1,382.07,2,0,1
3,8,1,492.41,2,0,1
3,8,1,896.42,2,0,1
3,8,1,459.94,2,0,1
3,8,1,393.35,2,0,1
3,8,1,522.43,2,0,1
3,8,1,1006.9,2,0,1
3,8,1,1058.9,2,0,1
3,8,1,815.28,2,0,1
3,8,1,633.48,2,0,1
3,8,1,685.99,2,0,1
3,8,1,1252.4,2,0,1
3,8,1,929.13,2,0,1
3,8,1,709.37,2,0,1
3,8,1,392.83,2,0,1
3,8,1,865.32,2,0,1
3,8,1,644,2,0,1
3,8,1,700.25,2,0,1
3,8,1,666.83,2,0,1
3,8,1,610.15,2,0,1
3,8,1,546.14,2,0,1
3,8,1,656.01,2,0,1
3,8,1,1046.4,2,0,1
3,8,1,1067.3,2,0,1
3,8,1,1011.9,2,0,1
3,8,1,665.15,2,0,1
3,8,1,577.12,2,0,1
3,8,1,535.2,2,0,1
3,8,1,391.97,2,0,1
3,8,1,599.24,2,0,1
3,8,1,534.62,2,0,1
3,8,1,558.51,2,0,1
3,8,1,739.51,2,0,1
3,8,1,610.68,2,0,1
3,8,1,937.98,2,0,1
3,8,1,469.3,2,0,1
3,8,1,763.58,2,0,1
3,8,1,598.55,2,0,1
3,8,1,632.52,2,0,1
3,8,1,490.89,2,0,1
3,8,1,593.47,2,0,1
3,8,1,555.84,2,0,1
3,8,1,600.65,2,0,1
3,8,1,631.98,2,0,1
3,8,1,575.38,2,0,1
3,8,1,539.57,2,0,1
3,8,1,581.3,2,0,1
3,8,1,620,2,0,1
3,8,1,467.64,2,0,1
3,8,1,553.04,2,0,1
3,8,1,762.04,2,0,1
3,8,1,749.02,2,0,1
3,8,1,662.66,2,0,1
3,8,1,1076.3,2,0,1
3,8,1,618.51,2,0,1
3,8,1,600.37,2,0,1
3,8,1,489.39,2,0,1
3,8,1,424.58,2,0,1
3,8,1,578,2,0,1
3,8,1,478.55,2,0,1
3,8,1,599.63,2,0,1
3,8,1,534.33,2,0,1
3,8,1,1032.7,2,0,1
3,8,1,598.69,2,0,1
3,8,1,709.7,2,0,1
3,8,1,435.29,2,0,1
3,8,1,672.23,2,0,1
3,8,1,641.59,2,0,1
3,8,1,478.07,2,0,1
3,8,1,577.31,2,0,1
3,8,1,511.37,2,0,1
3,8,1,413.87,2,0,1
3,8,1,779.81,2,0,1
3,8,1,575.05,2,0,1
3,8,1,792.02,2,0,1
3,8,1,523.58,2,0,1
3,8,1,450.33,2,0,1
3,8,1,586.99,2,0,1
3,8,1,576.48,2,0,1
3,8,1,667.15,2,0,1
3,8,1,1064.9,2,0,1
3,8,1,371.34,3,0,1
3,8,1,533.36,3,0,1
3,8,1,580.17,3,0,1
3,8,1,577.56,3,0,1
3,8,1,599.65,3,0,1
3,8,1,957.27,3,0,1
3,8,1,577.8,3,0,1
3,8,1,489.91,3,0,1
3,8,1,511.65,3,0,1
3,8,1,546.18,3,0,1
3,8,1,425.23,3,0,1
3,8,1,446.66,3,0,1
3,8,1,598.56,3,0,1
3,8,1,544.88,3,0,1
3,8,1,359.26,3,0,1
3,8,1,1065.5,3,0,1
3,8,1,589,3,0,1
3,8,1,438.08,3,0,1
3,8,1,586.8,3,0,1
3,8,1,872.44,3,0,1
3,8,1,437.15,3,0,1
3,8,1,1172.6,3,0,1
3,8,1,417.04,3,0,1
3,8,1,424.85,3,0,1
3,8,1,403.08,3,0,1
3,8,1,283.24,3,0,1
3,8,1,557.66,3,0,1
3,8,1,663.36,3,0,1
3,8,1,521.86,3,0,1
3,8,1,697.87,3,0,1
3,8,1,511.02,3,0,1
3,8,1,575.09,3,0,1
3,8,1,521.28,3,0,1
3,8,1,640.96,3,0,1
3,8,1,587,3,0,1
3,8,1,705.27,3,0,1
3,8,1,525.41,3,0,1
3,8,1,520.82,3,0,1
3,8,1,1172.6,3,0,1
3,8,1,1199.6,3,0,1
3,8,1,607.59,3,0,1
3,8,1,588.37,3,0,1
3,8,1,650.05,3,0,1
3,8,1,673.61,3,0,1
3,8,1,458.33,3,0,1
3,8,1,513.85,3,0,1
3,8,1,467.07,3,0,1
3,8,1,445.11,3,0,1
3,8,1,456.58,3,0,1
3,8,1,629.17,3,0,1
3,8,1,413.2,3,0,1
3,8,1,546.42,3,0,1
3,8,1,537.03,3,0,1
3,8,1,597.04,3,0,1
3,8,1,423.73,3,0,1
3,8,1,576.44,3,0,1
3,8,1,608.39,3,0,1
3,8,1,683.88,3,0,1
3,8,1,447.85,3,0,1
3,8,1,609.26,3,0,1
3,8,1,434.39,3,0,1
3,8,1,445.1,3,0,1
3,8,1,608.07,3,0,1
3,8,1,358.77,3,0,1
3,8,1,402.44,3,0,1
3,8,1,546.73,3,0,1
3,8,1,553.11,3,0,1
3,8,1,509.51,3,0,1
3,8,1,868.52,3,0,1
3,8,1,520.84,3,0,1
3,8,1,524.27,3,0,1
3,8,1,359.22,3,0,1
3,8,1,491.14,3,0,1
3,8,1,500.69,3,0,1
3,8,1,467.5,3,0,1
3,8,1,488.41,3,0,1
3,8,1,413.33,3,0,1
3,8,1,499.36,3,0,1
3,8,1,543.73,3,0,1
3,8,1,598.17,3,0,1
3,8,1,518.76,3,0,1
3,8,1,458.09,3,0,1
3,8,1,760.85,3,0,1
3,8,1,599.84,3,0,1
3,8,1,708.38,3,0,1
3,8,1,783.95,3,0,1
3,8,1,542.51,3,0,1
3,8,1,477.04,3,0,1
3,8,1,1218.8,4,0,1
3,8,1,430.62,4,0,1
3,8,1,661.68,4,0,1
3,8,1,611.16,4,0,1
3,8,1,406.23,4,0,1
3,8,1,652.37,4,0,1
3,8,1,491.01,4,0,1
3,8,1,384.81,4,0,1
3,8,1,428.4,4,0,1
3,8,1,533.97,4,0,1
3,8,1,522.23,4,0,1
3,8,1,544.02,4,0,1
3,8,1,584.1,4,0,1
3,8,1,907.48,4,0,1
3,8,1,588.77,4,0,1
3,8,1,651.87,4,0,1
3,8,1,577.55,4,0,1
3,8,1,564.7,4,0,1
3,8,1,413.23,4,0,1
3,8,1,444.72,4,0,1
3,8,1,402.33,4,0,1
3,8,1,682.11,4,0,1
3,8,1,380.62,4,0,1
3,8,1,597.73,4,0,1
3,8,1,445.02,4,0,1
3,8,1,445.93,4,0,1
3,8,1,469.98,4,0,1
3,8,1,435.3,4,0,1
3,8,1,476.74,4,0,1
3,8,1,614.02,4,0,1
3,8,1,509.66,4,0,1
3,8,1,715.53,4,0,1
3,8,1,477.9,4,0,1
3,8,1,467.18,4,0,1
3,8,1,379.52,4,0,1
3,8,1,415.42,4,0,1
3,8,1,412.51,4,0,1
3,8,1,465.82,4,0,1
3,8,1,652.4,4,0,1
3,8,1,425.51,4,0,1
3,8,1,521.09,4,0,1
3,8,1,488.2,4,0,1
3,8,1,585.91,4,0,1
3,8,1,445.92,4,0,1
3,8,1,519.81,4,0,1
3,8,1,499.13,4,0,1
3,8,1,825.43,4,0,1
3,8,1,542.33,4,0,1
3,8,1,433.44,4,0,1
3,8,1,465.43,4,0,1
3,8,1,455.83,4,0,1
3,8,1,455.98,4,0,1
3,8,1,510.29,4,0,1
3,8,1,477.71,4,0,1
3,8,1,433.47,4,0,1
3,8,1,498.57,4,0,1
3,8,1,500.44,4,0,1
3,8,1,738.62,4,0,1
3,8,1,380.9,4,0,1
3,8,1,502.45,4,0,1
3,8,1,556.16,4,0,1
3,8,1,478.52,4,0,1
3,8,1,446.58,4,0,1
3,8,1,444.94,4,0,1
3,8,1,423.79,4,0,1
3,8,1,455.92,4,0,1
3,8,1,531.5,4,0,1
3,8,1,890.04,4,0,1
3,8,1,651.92,4,0,1
3,8,1,521.57,4,0,1
3,8,1,597.4,4,0,1
3,8,1,488.41,4,0,1
3,8,1,640.4,4,0,1
3,8,1,643.05,4,0,1
3,8,1,482.4,4,0,1
3,8,1,686.29,4,0,1
3,8,1,490.11,4,0,1
3,8,1,455.84,4,0,1
3,8,1,435.39,4,0,1
3,8,1,618.73,4,0,1
3,8,1,498.73,4,0,1
3,8,1,489.1,4,0,1
3,8,1,473.13,4,0,1
3,8,1,445.92,4,0,1
3,8,1,521.61,4,0,1
3,8,1,522.68,4,0,1
3,8,1,412.18,4,0,1
3,8,1,552.95,4,0,1
3,8,1,490.24,4,0,1
3,8,1,466.38,4,0,1
3,8,1,509.31,4,0,1
3,8,1,394.12,4,0,1
3,8,1,687.27,5,0,1
3,8,1,407.78,5,0,1
3,8,1,343.01,5,0,1
3,8,1,451.75,5,0,1
3,8,1,568.9,5,0,1
3,8,1,428.73,5,0,1
3,8,1,470.55,5,0,1
3,8,1,524.75,5,0,1
3,8,1,463.01,5,0,1
3,8,1,439.39,5,0,1
3,8,1,420.53,5,0,1
3,8,1,353.3,5,0,1
3,8,1,545.44,5,0,1
3,8,1,397.4,5,0,1
3,8,1,514.28,5,0,1
3,8,1,460.5,5,0,1
3,8,1,441.02,5,0,1
3,8,1,471.36,5,0,1
3,8,1,457.52,5,0,1
3,8,1,489.53,5,0,1
3,8,1,555.71,5,0,1
3,8,1,706.71,5,0,1
3,8,1,433.98,5,0,1
3,8,1,423.56,5,0,1
3,8,1,412.76,5,0,1
3,8,1,442.58,5,0,1
3,8,1,402.68,5,0,1
3,8,1,458.51,5,0,1
3,8,1,402.42,5,0,1
3,8,1,413.6,5,0,1
3,8,1,484.25,5,0,1
3,8,1,446.31,5,0,1
3,8,1,412.13,5,0,1
3,8,1,519.89,5,0,1
3,8,1,674.03,5,0,1
3,8,1,465.65,5,0,1
3,8,1,488.55,5,0,1
3,8,1,856.21,5,0,1
3,8,1,423.54,5,0,1
3,8,1,434.35,5,0,1
3,8,1,554.85,5,0,1
3,8,1,378,5,0,1
3,8,1,501.75,5,0,1
3,8,1,447.4,5,0,1
3,8,1,391.18,5,0,1
3,8,1,564.93,5,0,1
3,8,1,532.14,5,0,1
3,8,1,543.81,5,0,1
3,8,1,533.14,5,0,1
3,8,1,445.07,5,0,1
3,8,1,533.56,5,0,1
3,8,1,467.47,5,0,1
3,8,1,413.6,5,0,1
3,8,1,338.83,5,0,1
3,8,1,543,5,0,1
3,8,1,555.51,5,0,1
3,8,1,521.35,5,0,1
3,8,1,500.92,5,0,1
3,8,1,423.27,5,0,1
3,8,1,610.6,5,0,1
3,8,1,393.55,5,0,1
3,8,1,434.43,5,0,1
3,8,1,555.3,5,0,1
3,8,1,423.97,5,0,1
3,8,1,402.45,5,0,1
3,8,1,438.38,5,0,1
3,8,1,609.29,5,0,1
3,8,1,424.84,5,0,1
3,8,1,467.65,5,0,1
3,8,1,567.1,5,0,1
3,8,1,423.11,5,0,1
3,8,1,510.83,5,0,1
3,8,1,403.54,5,0,1
3,8,1,543.42,5,0,1
3,8,1,490.33,5,0,1
3,8,1,520.67,5,0,1
3,8,1,522.43,5,0,1
3,8,1,467.89,5,0,1
3,8,1,530.7,5,0,1
3,8,1,481.04,5,0,1
3,8,1,479.75,5,0,1
3,8,1,521.02,5,0,1
3,8,1,466.87,5,0,1
3,8,1,599,5,0,1
3,8,1,424.21,5,0,1
3,8,1,487.65,5,0,1
3,8,1,533.11,5,0,1
3,8,1,468.01,5,0,1
3,8,1,359.33,5,0,1
3,8,1,371.98,5,0,1
3,8,1,522.87,5,0,1
3,8,1,816.7,5,0,1
3,8,1,458.53,5,0,1
4,5,1,1533.6,2,1,1
4,5,1,871.47,2,1,1
4,5,1,1304,2,1,1
4,5,1,1011.3,2,1,1
4,5,1,1314.5,2,1,1
4,5,1,437.84,2,1,1
4,5,1,534.73,2,1,1
4,5,1,1091,2,1,1
4,5,1,413.39,2,1,1
4,5,1,665.49,2,1,1
4,5,1,1209.8,2,1,1
4,5,1,904.62,2,1,1
4,5,1,501.21,2,1,1
4,5,1,847.66,2,1,1
4,5,1,663.57,2,1,1
4,5,1,966.75,2,1,1
4,5,1,902.78,2,1,1
4,5,1,837.44,2,1,1
4,5,1,653.57,2,1,1
4,5,1,741.22,2,1,1
4,5,1,792.85,2,1,1
4,5,1,716.35,2,1,1
4,5,1,1412.5,2,1,1
4,5,1,828.58,2,1,1
4,5,1,369.49,2,1,1
4,5,1,589.39,2,1,1
4,5,1,805.69,2,1,1
4,5,1,978.13,2,1,1
4,5,1,717.72,2,1,1
4,5,1,423.35,2,1,1
4,5,1,901.43,2,1,1
4,5,1,1260.3,2,1,1
4,5,1,695.72,2,1,1
4,5,1,697.08,2,1,1
4,5,1,1071.9,2,1,1
4,5,1,488.17,2,1,1
4,5,1,785.57,2,1,1
4,5,1,805.23,2,1,1
4,5,1,775.39,2,1,1
4,5,1,739.51,2,1,1
4,5,1,1039.2,2,1,1
4,5,1,647.02,2,1,1
4,5,1,652.13,2,1,1
4,5,1,903.38,2,1,1
4,5,1,978.56,3,1,1
4,5,1,904.75,3,1,1
4,5,1,739.66,3,1,1
4,5,1,1066.3,3,1,1
4,5,1,1397.5,3,1,1
4,5,1,1081.4,3,1,1
4,5,1,960.36,3,1,1
4,5,1,645.29,3,1,1
4,5,1,523.32,3,1,1
4,5,1,860.08,3,1,1
4,5,1,1469.4,3,1,1
4,5,1,772.16,3,1,1
4,5,1,446.12,3,1,1
4,5,1,804.92,3,1,1
4,5,1,775.87,3,1,1
4,5,1,369.75,3,1,1
4,5,1,660.8,3,1,1
4,5,1,1051.7,3,1,1
4,5,1,651.34,3,1,1
4,5,1,737.24,3,1,1
4,5,1,490.08,3,1,1
4,5,1,1555.1,3,1,1
4,5,1,448.29,3,1,1
4,5,1,642.12,3,1,1
4,5,1,739.17,3,1,1
4,5,1,608.77,3,1,1
4,5,1,741.44,3,1,1
4,5,1,683.67,3,1,1
4,5,1,760.72,3,1,1
4,5,1,826.37,3,1,1
4,5,1,803.72,3,1,1
4,5,1,873.41,3,1,1
4,5,1,1254.3,3,1,1
4,5,1,737.98,3,1,1
4,5,1,468,3,1,1
4,5,1,831.31,3,1,1
4,5,1,1113.5,3,1,1
4,5,1,601.75,3,1,1
4,5,1,445.29,3,1,1
4,5,1,1232.8,3,1,1
4,5,1,697.21,3,1,1
4,5,1,987.42,3,1,1
4,5,1,554.43,3,1,1
4,5,1,903.81,3,1,1
4,5,1,705.78,3,1,1
4,5,1,620.68,3,1,1
4,5,1,991.13,3,1,1
4,5,1,721.07,3,1,1
4,5,1,1251.4,3,1,1
4,5,1,912.65,3,1,1
4,5,1,490.1,3,1,1
4,5,1,546.32,3,1,1
4,5,1,408.59,4,1,1
4,5,1,848.1,4,1,1
4,5,1,568.84,4,1,1
4,5,1,939.55,4,1,1
4,5,1,660.97,4,1,1
4,5,1,764.86,4,1,1
4,5,1,834.73,4,1,1
4,5,1,710,4,1,1
4,5,1,466.09,4,1,1
4,5,1,770.11,4,1,1
4,5,1,826.21,4,1,1
4,5,1,607.3,4,1,1
4,5,1,477.68,4,1,1
4,5,1,965.51,4,1,1
4,5,1,783,4,1,1
4,5,1,782.4,4,1,1
4,5,1,747.95,4,1,1
4,5,1,608.1,4,1,1
4,5,1,596.32,4,1,1
4,5,1,622.62,4,1,1
4,5,1,845.88,4,1,1
4,5,1,822.84,4,1,1
4,5,1,704.64,4,1,1
4,5,1,573.58,4,1,1
4,5,1,736.09,4,1,1
4,5,1,607.84,4,1,1
4,5,1,772.09,4,1,1
4,5,1,573.88,4,1,1
4,5,1,412.13,4,1,1
4,5,1,610.12,4,1,1
4,5,1,771.14,4,1,1
4,5,1,791.88,4,1,1
4,5,1,933.31,4,1,1
4,5,1,488.04,4,1,1
4,5,1,575.03,4,1,1
4,5,1,792.87,4,1,1
4,5,1,793.44,4,1,1
4,5,1,501.33,4,1,1
4,5,1,693.41,4,1,1
4,5,1,629.07,4,1,1
4,5,1,339.11,4,1,1
4,5,1,565.76,4,1,1
4,5,1,904.5,4,1,1
4,5,1,798.99,4,1,1
4,5,1,858.94,4,1,1
4,5,1,673.36,4,1,1
4,5,1,510.51,4,1,1
4,5,1,455.02,4,1,1
4,5,1,544.23,4,1,1
4,5,1,674.64,4,1,1
4,5,1,760.67,4,1,1
4,5,1,882.02,4,1,1
4,5,1,598.64,4,1,1
4,5,1,977.76,4,1,1
4,5,1,587.89,4,1,1
4,5,1,1011.3,4,1,1
4,5,1,792.22,4,1,1
4,5,1,652.67,4,1,1
4,5,1,869.47,4,1,1
4,5,1,490.9,4,1,1
4,5,1,608,4,1,1
4,5,1,575.21,4,1,1
4,5,1,802.2,4,1,1
4,5,1,576.25,4,1,1
4,5,1,607.99,4,1,1
4,5,1,868.63,4,1,1
4,5,1,715.85,4,1,1
4,5,1,532.25,4,1,1
4,5,1,697.92,4,1,1
4,5,1,651.79,4,1,1
4,5,1,564.29,4,1,1
4,5,1,791.2,4,1,1
4,5,1,1222.6,4,1,1
4,5,1,768.73,4,1,1
4,5,1,531.87,4,1,1
4,5,1,868.2,4,1,1
4,5,1,709.37,5,1,1
4,5,1,578.35,5,1,1
4,5,1,1085.5,5,1,1
4,5,1,484.4,5,1,1
4,5,1,729.5,5,1,1
4,5,1,645.2,5,1,1
4,5,1,564.59,5,1,1
4,5,1,492.86,5,1,1
4,5,1,727.61,5,1,1
4,5,1,462.83,5,1,1
4,5,1,654.62,5,1,1
4,5,1,865.93,5,1,1
4,5,1,644.49,5,1,1
4,5,1,684.52,5,1,1
4,5,1,630.88,5,1,1
4,5,1,630.25,5,1,1
4,5,1,771.81,5,1,1
4,5,1,574.86,5,1,1
4,5,1,857.69,5,1,1
4,5,1,738.5,5,1,1
4,5,1,632.76,5,1,1
4,5,1,793.62,5,1,1
4,5,1,651,5,1,1
4,5,1,672.58,5,1,1
4,5,1,693.58,5,1,1
4,5,1,705.49,5,1,1
4,5,1,629.15,5,1,1
4,5,1,977.71,5,1,1
4,5,1,490.08,5,1,1
4,5,1,574.58,5,1,1
4,5,1,1227.2,5,1,1
4,5,1,618.07,5,1,1
4,5,1,519.86,5,1,1
4,5,1,665.84,5,1,1
4,5,1,490.6,5,1,1
4,5,1,629.1,5,1,1
4,5,1,848.25,5,1,1
4,5,1,434.97,5,1,1
4,5,1,641.49,5,1,1
4,5,1,696.89,5,1,1
4,5,1,684.59,5,1,1
4,5,1,857.88,5,1,1
4,5,1,599.9,5,1,1
4,5,1,500.92,5,1,1
4,5,1,587.35,5,1,1
4,5,1,543.77,5,1,1
4,5,1,500.58,5,1,1
4,5,1,467.26,5,1,1
4,5,1,655.11,5,1,1
4,5,1,1066.9,5,1,1
4,5,1,850.52,5,1,1
4,5,1,578.42,5,1,1
4,5,1,575.59,5,1,1
4,5,1,412.83,5,1,1
4,5,1,911.07,5,1,1
4,5,1,448.34,5,1,1
4,5,1,445.71,5,1,1
4,5,1,457.77,5,1,1
4,5,1,538.64,5,1,1
4,5,1,740.33,5,1,1
4,5,1,662.63,5,1,1
4,5,1,694.92,5,1,1
4,5,1,445.19,5,1,1
4,5,1,381.15,5,1,1
4,5,1,686.06,5,1,1
4,5,1,630.99,5,1,1
4,5,1,466.31,5,1,1
4,5,1,500.22,5,1,1
4,5,1,501.34,5,1,1
4,5,1,326.25,5,1,1
4,5,1,564.05,5,1,1
4,5,1,610.15,5,1,1
4,5,1,544.85,5,1,1
4,5,1,576.23,5,1,1
4,5,1,349.42,5,1,1
4,5,1,644.14,5,1,1
4,5,1,543.92,5,1,1
4,5,1,535.04,5,1,1
4,5,1,577.28,5,1,1
4,5,1,567.66,5,1,1
4,5,1,413.25,5,1,1
4,5,1,730.41,5,1,1
4,5,1,402.64,5,1,1
4,5,1,479.98,5,1,1
4,5,1,479.73,5,1,1
4,5,1,669.69,5,1,1
5,3,1,458.53,2,NaN,NaN
5,3,1,534.8,2,NaN,NaN
5,3,1,523.29,2,NaN,NaN
5,3,1,612.56,2,NaN,NaN
5,3,1,489.12,2,NaN,NaN
5,3,1,717.57,2,NaN,NaN
5,3,1,760.9,2,NaN,NaN
5,3,1,612.18,2,NaN,NaN
5,3,1,739.22,2,NaN,NaN
5,3,1,621.19,2,NaN,NaN
5,3,1,545.28,2,NaN,NaN
5,3,1,905.15,2,NaN,NaN
5,3,1,533.68,2,NaN,NaN
5,3,1,775.4,2,NaN,NaN
5,3,1,700.38,2,NaN,NaN
5,3,1,752.54,2,NaN,NaN
5,3,1,539.29,2,NaN,NaN
5,3,1,526.06,2,NaN,NaN
5,3,1,548.51,2,NaN,NaN
5,3,1,722.26,2,NaN,NaN
5,3,1,687.58,2,NaN,NaN
5,3,1,578.3,2,NaN,NaN
5,3,1,685.84,2,NaN,NaN
5,3,1,740.73,2,NaN,NaN
5,3,1,1388.4,2,NaN,NaN
5,3,1,598.74,2,NaN,NaN
5,3,1,588.67,2,NaN,NaN
5,3,1,700.76,2,NaN,NaN
5,3,1,614.13,2,NaN,NaN
5,3,1,612.71,2,NaN,NaN
5,3,1,578.36,2,NaN,NaN
5,3,1,598.4,2,NaN,NaN
5,3,1,587.92,2,NaN,NaN
5,3,1,980.71,2,NaN,NaN
5,3,1,852.3,2,NaN,NaN
5,3,1,677.39,2,NaN,NaN
5,3,1,634.91,2,NaN,NaN
5,3,1,633.77,2,NaN,NaN
5,3,1,467.31,2,NaN,NaN
5,3,1,543.23,2,NaN,NaN
5,3,1,664.31,2,NaN,NaN
5,3,1,488.69,2,NaN,NaN
5,3,1,969.7,2,NaN,NaN
5,3,1,836,2,NaN,NaN
5,3,1,630.4,2,NaN,NaN
5,3,1,858.6,2,NaN,NaN
5,3,1,561.34,2,NaN,NaN
5,3,1,1052,2,NaN,NaN
5,3,1,619.56,2,NaN,NaN
5,3,1,749.21,2,NaN,NaN
5,3,1,643.59,2,NaN,NaN
5,3,1,434.62,2,NaN,NaN
5,3,1,1162.6,2,NaN,NaN
5,3,1,554.63,2,NaN,NaN
5,3,1,466.59,2,NaN,NaN
5,3,1,628.42,2,NaN,NaN
5,3,1,522.96,2,NaN,NaN
5,3,1,1237.8,2,NaN,NaN
5,3,1,663.92,2,NaN,NaN
5,3,1,651.89,2,NaN,NaN
5,3,1,589.95,2,NaN,NaN
5,3,1,406.06,2,NaN,NaN
5,3,1,574.09,2,NaN,NaN
5,3,1,686.01,2,NaN,NaN
5,3,1,750.77,2,NaN,NaN
5,3,1,554.82,2,NaN,NaN
5,3,1,511.05,2,NaN,NaN
5,3,1,553.85,2,NaN,NaN
5,3,1,588.54,2,NaN,NaN
5,3,1,818.5,3,NaN,NaN
5,3,1,816.67,3,NaN,NaN
5,3,1,1099.4,3,NaN,NaN
5,3,1,478.66,3,NaN,NaN
5,3,1,662.25,3,NaN,NaN
5,3,1,567.47,3,NaN,NaN
5,3,1,544.84,3,NaN,NaN
5,3,1,1427.9,3,NaN,NaN
5,3,1,590.64,3,NaN,NaN
5,3,1,685.32,3,NaN,NaN
5,3,1,652.48,3,NaN,NaN
5,3,1,577.45,3,NaN,NaN
5,3,1,755.33,3,NaN,NaN
5,3,1,493.29,3,NaN,NaN
5,3,1,535.58,3,NaN,NaN
5,3,1,577.33,3,NaN,NaN
5,3,1,577.64,3,NaN,NaN
5,3,1,610.03,3,NaN,NaN
5,3,1,609.6,3,NaN,NaN
5,3,1,631.69,3,NaN,NaN
5,3,1,533.36,3,NaN,NaN
5,3,1,435.66,3,NaN,NaN
5,3,1,533.46,3,NaN,NaN
5,3,1,797.46,3,NaN,NaN
5,3,1,524.1,3,NaN,NaN
5,3,1,445.36,3,NaN,NaN
5,3,1,697.54,3,NaN,NaN
5,3,1,685.4,3,NaN,NaN
5,3,1,1067,3,NaN,NaN
5,3,1,424.46,3,NaN,NaN
5,3,1,1185.2,3,NaN,NaN
5,3,1,457.12,3,NaN,NaN
5,3,1,680.1,3,NaN,NaN
5,3,1,598.78,3,NaN,NaN
5,3,1,737.55,3,NaN,NaN
5,3,1,554.83,3,NaN,NaN
5,3,1,559.64,3,NaN,NaN
5,3,1,718.5,3,NaN,NaN
5,3,1,1227.5,3,NaN,NaN
5,3,1,737.49,3,NaN,NaN
5,3,1,947.83,3,NaN,NaN
5,3,1,575.75,3,NaN,NaN
5,3,1,575.54,3,NaN,NaN
5,3,1,683.56,3,NaN,NaN
5,3,1,532.8,3,NaN,NaN
5,3,1,881.66,3,NaN,NaN
5,3,1,774.63,3,NaN,NaN
5,3,1,632.05,3,NaN,NaN
5,3,1,575.65,3,NaN,NaN
5,3,1,609.03,3,NaN,NaN
5,3,1,987.26,3,NaN,NaN
5,3,1,694.2,3,NaN,NaN
5,3,1,696.04,3,NaN,NaN
5,3,1,970.97,3,NaN,NaN
5,3,1,489.45,3,NaN,NaN
5,3,1,662.98,3,NaN,NaN
5,3,1,695.26,3,NaN,NaN
5,3,1,536.14,3,NaN,NaN
5,3,1,578.61,3,NaN,NaN
5,3,1,631.72,3,NaN,NaN
5,3,1,661.94,3,NaN,NaN
5,3,1,533.4,3,NaN,NaN
5,3,1,1492.7,3,NaN,NaN
5,3,1,781.45,3,NaN,NaN
5,3,1,553.36,3,NaN,NaN
5,3,1,456.64,3,NaN,NaN
5,3,1,557.04,3,NaN,NaN
5,3,1,597.06,3,NaN,NaN
5,3,1,856,3,NaN,NaN
5,3,1,1085.3,3,NaN,NaN
5,3,1,628.62,3,NaN,NaN
5,3,1,817.13,3,NaN,NaN
5,3,1,444.84,3,NaN,NaN
5,3,1,598.74,3,NaN,NaN
5,3,1,1230.3,3,NaN,NaN
5,3,1,499.28,3,NaN,NaN
5,3,1,760.04,3,NaN,NaN
5,3,1,467.51,3,NaN,NaN
5,3,1,466.79,3,NaN,NaN
5,3,1,1122.6,3,NaN,NaN
5,3,1,835.66,3,NaN,NaN
5,3,1,719.98,3,NaN,NaN
5,3,1,504.78,4,NaN,NaN
5,3,1,803.66,4,NaN,NaN
5,3,1,557.22,4,NaN,NaN
5,3,1,526.26,4,NaN,NaN
5,3,1,559.91,4,NaN,NaN
5,3,1,471.8,4,NaN,NaN
5,3,1,504.15,4,NaN,NaN
5,3,1,427.17,4,NaN,NaN
5,3,1,639.73,4,NaN,NaN
5,3,1,698.87,4,NaN,NaN
5,3,1,674.72,4,NaN,NaN
5,3,1,576.23,4,NaN,NaN
5,3,1,889.47,4,NaN,NaN
5,3,1,566.28,4,NaN,NaN
5,3,1,479.79,4,NaN,NaN
5,3,1,533.53,4,NaN,NaN
5,3,1,1160.7,4,NaN,NaN
5,3,1,520.44,4,NaN,NaN
5,3,1,705.32,4,NaN,NaN
5,3,1,523.51,4,NaN,NaN
5,3,1,510.04,4,NaN,NaN
5,3,1,445.99,4,NaN,NaN
5,3,1,684.37,4,NaN,NaN
5,3,1,641.42,4,NaN,NaN
5,3,1,1185.3,4,NaN,NaN
5,3,1,958.28,4,NaN,NaN
5,3,1,632.57,4,NaN,NaN
5,3,1,445.43,4,NaN,NaN
5,3,1,541.95,4,NaN,NaN
5,3,1,597.43,4,NaN,NaN
5,3,1,542.08,4,NaN,NaN
5,3,1,953.59,4,NaN,NaN
5,3,1,445.34,4,NaN,NaN
5,3,1,575.03,4,NaN,NaN
5,3,1,401.68,4,NaN,NaN
5,3,1,565.67,4,NaN,NaN
5,3,1,542.23,4,NaN,NaN
5,3,1,586.72,4,NaN,NaN
5,3,1,761.13,4,NaN,NaN
5,3,1,477.08,4,NaN,NaN
5,3,1,803.61,4,NaN,NaN
5,3,1,564.91,4,NaN,NaN
5,3,1,694.85,4,NaN,NaN
5,3,1,564.61,4,NaN,NaN
5,3,1,1063.3,4,NaN,NaN
5,3,1,662.74,4,NaN,NaN
5,3,1,476.91,4,NaN,NaN
5,3,1,541.58,4,NaN,NaN
5,3,1,1021.1,4,NaN,NaN
5,3,1,629.29,4,NaN,NaN
5,3,1,596.25,4,NaN,NaN
5,3,1,664.3,4,NaN,NaN
5,3,1,531.76,4,NaN,NaN
5,3,1,1355.5,4,NaN,NaN
5,3,1,510.38,4,NaN,NaN
5,3,1,510.79,4,NaN,NaN
5,3,1,987.47,4,NaN,NaN
5,3,1,478.81,4,NaN,NaN
5,3,1,380.8,4,NaN,NaN
5,3,1,1495.2,4,NaN,NaN
5,3,1,629.56,4,NaN,NaN
5,3,1,512.43,4,NaN,NaN
5,3,1,749.91,4,NaN,NaN
5,3,1,827.28,4,NaN,NaN
5,3,1,536.57,4,NaN,NaN
5,3,1,622.41,4,NaN,NaN
5,3,1,609.46,4,NaN,NaN
5,3,1,622.92,4,NaN,NaN
5,3,1,1010.3,4,NaN,NaN
5,3,1,543.69,4,NaN,NaN
5,3,1,1002.9,4,NaN,NaN
5,3,1,964.67,4,NaN,NaN
5,3,1,598.52,4,NaN,NaN
5,3,1,1010.7,4,NaN,NaN
5,3,1,521.09,4,NaN,NaN
5,3,1,794.55,4,NaN,NaN
5,3,1,848.29,4,NaN,NaN
5,3,1,633.14,4,NaN,NaN
5,3,1,651.86,4,NaN,NaN
5,3,1,477.95,4,NaN,NaN
5,3,1,739.83,4,NaN,NaN
5,3,1,477.52,4,NaN,NaN
5,3,1,598.55,4,NaN,NaN
5,3,1,608.63,4,NaN,NaN
5,3,1,553.59,4,NaN,NaN
5,3,1,1579.1,4,NaN,NaN
5,3,1,518.91,5,NaN,NaN
5,3,1,322.82,5,NaN,NaN
5,3,1,588.71,5,NaN,NaN
5,3,1,569.63,5,NaN,NaN
5,3,1,590.77,5,NaN,NaN
5,3,1,460.79,5,NaN,NaN
5,3,1,496.97,5,NaN,NaN
5,3,1,933.17,5,NaN,NaN
5,3,1,568.45,5,NaN,NaN
5,3,1,516.77,5,NaN,NaN
5,3,1,1297.3,5,NaN,NaN
5,3,1,450.24,5,NaN,NaN
5,3,1,502.6,5,NaN,NaN
5,3,1,521.97,5,NaN,NaN
5,3,1,511.24,5,NaN,NaN
5,3,1,587.13,5,NaN,NaN
5,3,1,510.19,5,NaN,NaN
5,3,1,684.18,5,NaN,NaN
5,3,1,553.4,5,NaN,NaN
5,3,1,467.25,5,NaN,NaN
5,3,1,650.57,5,NaN,NaN
5,3,1,544.88,5,NaN,NaN
5,3,1,522.82,5,NaN,NaN
5,3,1,903.62,5,NaN,NaN
5,3,1,607.55,5,NaN,NaN
5,3,1,699.14,5,NaN,NaN
5,3,1,631.54,5,NaN,NaN
5,3,1,520.91,5,NaN,NaN
5,3,1,639.4,5,NaN,NaN
5,3,1,489.34,5,NaN,NaN
5,3,1,759.57,5,NaN,NaN
5,3,1,1489.2,5,NaN,NaN
5,3,1,575.85,5,NaN,NaN
5,3,1,433.98,5,NaN,NaN
5,3,1,769.39,5,NaN,NaN
5,3,1,714.02,5,NaN,NaN
5,3,1,510.78,5,NaN,NaN
5,3,1,533.38,5,NaN,NaN
5,3,1,1337.7,5,NaN,NaN
5,3,1,1305.5,5,NaN,NaN
5,3,1,543.88,5,NaN,NaN
5,3,1,530.85,5,NaN,NaN
5,3,1,1089.4,5,NaN,NaN
5,3,1,545.39,5,NaN,NaN
5,3,1,596.89,5,NaN,NaN
5,3,1,773.12,5,NaN,NaN
5,3,1,957.57,5,NaN,NaN
5,3,1,576.08,5,NaN,NaN
5,3,1,510.41,5,NaN,NaN
5,3,1,544.83,5,NaN,NaN
5,3,1,478.58,5,NaN,NaN
5,3,1,457.66,5,NaN,NaN
5,3,1,578.47,5,NaN,NaN
5,3,1,780.53,5,NaN,NaN
5,3,1,426.75,5,NaN,NaN
5,3,1,456.33,5,NaN,NaN
5,3,1,543.11,5,NaN,NaN
5,3,1,467.2,5,NaN,NaN
5,3,1,500.42,5,NaN,NaN
5,3,1,835.2,5,NaN,NaN
5,3,1,512.87,5,NaN,NaN
5,3,1,521.67,5,NaN,NaN
5,3,1,609.58,5,NaN,NaN
5,3,1,466.96,5,NaN,NaN
5,3,1,532.28,5,NaN,NaN
5,3,1,598.71,5,NaN,NaN
5,3,1,336.11,5,NaN,NaN
5,3,1,553.8,5,NaN,NaN
5,3,1,1044.1,5,NaN,NaN
5,3,1,673.92,5,NaN,NaN
5,3,1,543.04,5,NaN,NaN
5,3,1,640.5,5,NaN,NaN
5,3,1,532.52,5,NaN,NaN
5,3,1,523.11,5,NaN,NaN
5,3,1,641.16,5,NaN,NaN
5,3,1,654.3,5,NaN,NaN
5,3,1,458.43,5,NaN,NaN
5,3,1,502.87,5,NaN,NaN
5,3,1,518.96,5,NaN,NaN
5,3,1,653.2,5,NaN,NaN
5,3,1,435.62,5,NaN,NaN
5,3,1,435.3,5,NaN,NaN
5,3,1,425.26,5,NaN,NaN
5,3,1,661.92,5,NaN,NaN
5,3,1,522.12,5,NaN,NaN
5,3,1,544.39,5,NaN,NaN
5,3,1,436.92,5,NaN,NaN
6,2,1,536.52,2,NaN,NaN
6,2,1,546.77,2,NaN,NaN
6,2,1,687.9,2,NaN,NaN
6,2,1,545.73,2,NaN,NaN
6,2,1,523.94,2,NaN,NaN
6,2,1,482.27,2,NaN,NaN
6,2,1,851.46,2,NaN,NaN
6,2,1,654.58,2,NaN,NaN
6,2,1,750.9,2,NaN,NaN
6,2,1,804.52,2,NaN,NaN
6,2,1,848.45,2,NaN,NaN
6,2,1,882.07,2,NaN,NaN
6,2,1,1314,2,NaN,NaN
6,2,1,534.19,2,NaN,NaN
6,2,1,881.18,2,NaN,NaN
6,2,1,575.75,2,NaN,NaN
6,2,1,655.84,2,NaN,NaN
6,2,1,534.41,2,NaN,NaN
6,2,1,547.7,2,NaN,NaN
6,2,1,756.3,2,NaN,NaN
6,2,1,688.66,2,NaN,NaN
6,2,1,535.85,2,NaN,NaN
6,2,1,490.87,2,NaN,NaN
6,2,1,556.58,2,NaN,NaN
6,2,1,598.88,2,NaN,NaN
6,2,1,462.48,2,NaN,NaN
6,2,1,1025.7,2,NaN,NaN
6,2,1,395.58,2,NaN,NaN
6,2,1,501.32,2,NaN,NaN
6,2,1,526.73,2,NaN,NaN
6,2,1,549.63,2,NaN,NaN
6,2,1,556.75,2,NaN,NaN
6,2,1,468.94,2,NaN,NaN
6,2,1,799.05,2,NaN,NaN
6,2,1,903.65,2,NaN,NaN
6,2,1,413.09,2,NaN,NaN
6,2,1,424.18,2,NaN,NaN
6,2,1,579.03,2,NaN,NaN
6,2,1,762.84,2,NaN,NaN
6,2,1,695.85,2,NaN,NaN
6,2,1,743.76,2,NaN,NaN
6,2,1,577.01,2,NaN,NaN
6,2,1,501.93,2,NaN,NaN
6,2,1,687.49,2,NaN,NaN
6,2,1,765.83,2,NaN,NaN
6,2,1,534.93,2,NaN,NaN
6,2,1,1536,2,NaN,NaN
6,2,1,533.26,2,NaN,NaN
6,2,1,512.73,2,NaN,NaN
6,2,1,686.36,2,NaN,NaN
6,2,1,1359.6,2,NaN,NaN
6,2,1,728.13,2,NaN,NaN
6,2,1,566.07,2,NaN,NaN
6,2,1,598.95,2,NaN,NaN
6,2,1,644.07,2,NaN,NaN
6,2,1,543.08,2,NaN,NaN
6,2,1,580.64,2,NaN,NaN
6,2,1,618.9,2,NaN,NaN
6,2,1,678.07,2,NaN,NaN
6,2,1,643.62,2,NaN,NaN
6,2,1,1489.8,2,NaN,NaN
6,2,1,702.47,2,NaN,NaN
6,2,1,1174.2,2,NaN,NaN
6,2,1,998.85,2,NaN,NaN
6,2,1,479,2,NaN,NaN
6,2,1,935.25,2,NaN,NaN
6,2,1,1014.7,2,NaN,NaN
6,2,1,945.66,2,NaN,NaN
6,2,1,520.93,2,NaN,NaN
6,2,1,467.78,2,NaN,NaN
6,2,1,489.84,2,NaN,NaN
6,2,1,631.89,2,NaN,NaN
6,2,1,557.37,2,NaN,NaN
6,2,1,435.28,2,NaN,NaN
6,2,1,576.85,2,NaN,NaN
6,2,1,513.64,2,NaN,NaN
6,2,1,576.5,2,NaN,NaN
6,2,1,1064.3,2,NaN,NaN
6,2,1,860.15,2,NaN,NaN
6,2,1,447.09,2,NaN,NaN
6,2,1,466.76,2,NaN,NaN
6,2,1,731.51,2,NaN,NaN
6,2,1,567.04,2,NaN,NaN
6,2,1,956.71,2,NaN,NaN
6,2,1,820.09,3,NaN,NaN
6,2,1,1299,3,NaN,NaN
6,2,1,446.67,3,NaN,NaN
6,2,1,1086.8,3,NaN,NaN
6,2,1,478.21,3,NaN,NaN
6,2,1,575.91,3,NaN,NaN
6,2,1,1001,3,NaN,NaN
6,2,1,467.6,3,NaN,NaN
6,2,1,587.07,3,NaN,NaN
6,2,1,543.7,3,NaN,NaN
6,2,1,564.47,3,NaN,NaN
6,2,1,761.53,3,NaN,NaN
6,2,1,577.83,3,NaN,NaN
6,2,1,435.17,3,NaN,NaN
6,2,1,957.22,3,NaN,NaN
6,2,1,569.15,3,NaN,NaN
6,2,1,533.49,3,NaN,NaN
6,2,1,539.35,3,NaN,NaN
6,2,1,1262.5,3,NaN,NaN
6,2,1,658.94,3,NaN,NaN
6,2,1,490.34,3,NaN,NaN
6,2,1,500.91,3,NaN,NaN
6,2,1,587.24,3,NaN,NaN
6,2,1,610.14,3,NaN,NaN
6,2,1,546.38,3,NaN,NaN
6,2,1,598.52,3,NaN,NaN
6,2,1,578.7,3,NaN,NaN
6,2,1,836.68,3,NaN,NaN
6,2,1,1101,3,NaN,NaN
6,2,1,753.1,3,NaN,NaN
6,2,1,522.49,3,NaN,NaN
6,2,1,478.08,3,NaN,NaN
6,2,1,762.26,3,NaN,NaN
6,2,1,552.98,3,NaN,NaN
6,2,1,631.45,3,NaN,NaN
6,2,1,795.24,3,NaN,NaN
6,2,1,664.37,3,NaN,NaN
6,2,1,664.06,3,NaN,NaN
6,2,1,520.55,3,NaN,NaN
6,2,1,521.2,3,NaN,NaN
6,2,1,522.62,3,NaN,NaN
6,2,1,988.22,3,NaN,NaN
6,2,1,601.3,3,NaN,NaN
6,2,1,628.88,3,NaN,NaN
6,2,1,1303.4,3,NaN,NaN
6,2,1,520.49,3,NaN,NaN
6,2,1,628.88,3,NaN,NaN
6,2,1,568.52,3,NaN,NaN
6,2,1,532.15,3,NaN,NaN
6,2,1,500.57,3,NaN,NaN
6,2,1,776.58,3,NaN,NaN
6,2,1,727.29,3,NaN,NaN
6,2,1,769.05,3,NaN,NaN
6,2,1,500.31,3,NaN,NaN
6,2,1,521.45,3,NaN,NaN
6,2,1,558.95,3,NaN,NaN
6,2,1,510.71,3,NaN,NaN
6,2,1,1175.2,3,NaN,NaN
6,2,1,556.95,3,NaN,NaN
6,2,1,576.11,3,NaN,NaN
6,2,1,576.11,3,NaN,NaN
6,2,1,609.12,3,NaN,NaN
6,2,1,447.39,3,NaN,NaN
6,2,1,575.07,3,NaN,NaN
6,2,1,470.8,3,NaN,NaN
6,2,1,467.28,3,NaN,NaN
6,2,1,564.26,3,NaN,NaN
6,2,1,523.35,3,NaN,NaN
6,2,1,610.36,3,NaN,NaN
6,2,1,1107.5,3,NaN,NaN
6,2,1,534.23,3,NaN,NaN
6,2,1,640.54,3,NaN,NaN
6,2,1,491.48,3,NaN,NaN
6,2,1,553.67,3,NaN,NaN
6,2,1,625.28,3,NaN,NaN
6,2,1,739.5,3,NaN,NaN
6,2,1,729.71,3,NaN,NaN
6,2,1,542.97,3,NaN,NaN
6,2,1,554.88,3,NaN,NaN
6,2,1,534.12,3,NaN,NaN
6,2,1,533.07,3,NaN,NaN
6,2,1,436.32,3,NaN,NaN
6,2,1,586.57,3,NaN,NaN
6,2,1,966.65,3,NaN,NaN
6,2,1,656.31,3,NaN,NaN
6,2,1,466.98,3,NaN,NaN
6,2,1,522.06,3,NaN,NaN
6,2,1,535.23,4,NaN,NaN
6,2,1,450.24,4,NaN,NaN
6,2,1,472.54,4,NaN,NaN
6,2,1,504.23,4,NaN,NaN
6,2,1,417.94,4,NaN,NaN
6,2,1,481.89,4,NaN,NaN
6,2,1,526.63,4,NaN,NaN
6,2,1,513,4,NaN,NaN
6,2,1,470.44,4,NaN,NaN
6,2,1,504.82,4,NaN,NaN
6,2,1,587.8,4,NaN,NaN
6,2,1,514.07,4,NaN,NaN
6,2,1,469.16,4,NaN,NaN
6,2,1,654.26,4,NaN,NaN
6,2,1,534.65,4,NaN,NaN
6,2,1,640.14,4,NaN,NaN
6,2,1,641.45,4,NaN,NaN
6,2,1,532.31,4,NaN,NaN
6,2,1,576.55,4,NaN,NaN
6,2,1,521.65,4,NaN,NaN
6,2,1,521.57,4,NaN,NaN
6,2,1,639.59,4,NaN,NaN
6,2,1,534.16,4,NaN,NaN
6,2,1,501.4,4,NaN,NaN
6,2,1,500.72,4,NaN,NaN
6,2,1,815.45,4,NaN,NaN
6,2,1,543.85,4,NaN,NaN
6,2,1,380.72,4,NaN,NaN
6,2,1,522.46,4,NaN,NaN
6,2,1,608.95,4,NaN,NaN
6,2,1,434.97,4,NaN,NaN
6,2,1,595.45,4,NaN,NaN
6,2,1,489.64,4,NaN,NaN
6,2,1,595.29,4,NaN,NaN
6,2,1,522.97,4,NaN,NaN
6,2,1,422.94,4,NaN,NaN
6,2,1,468.01,4,NaN,NaN
6,2,1,423.67,4,NaN,NaN
6,2,1,564.72,4,NaN,NaN
6,2,1,725.5,4,NaN,NaN
6,2,1,520.56,4,NaN,NaN
6,2,1,555.03,4,NaN,NaN
6,2,1,563.9,4,NaN,NaN
6,2,1,532.01,4,NaN,NaN
6,2,1,543.42,4,NaN,NaN
6,2,1,715.2,4,NaN,NaN
6,2,1,433.9,4,NaN,NaN
6,2,1,532.15,4,NaN,NaN
6,2,1,476.64,4,NaN,NaN
6,2,1,563.83,4,NaN,NaN
6,2,1,597.44,4,NaN,NaN
6,2,1,521.22,4,NaN,NaN
6,2,1,411.91,4,NaN,NaN
6,2,1,455.65,4,NaN,NaN
6,2,1,498.23,4,NaN,NaN
6,2,1,627.07,4,NaN,NaN
6,2,1,953.45,4,NaN,NaN
6,2,1,457.45,4,NaN,NaN
6,2,1,523.67,4,NaN,NaN
6,2,1,760.4,4,NaN,NaN
6,2,1,631.33,4,NaN,NaN
6,2,1,586.44,4,NaN,NaN
6,2,1,705.82,4,NaN,NaN
6,2,1,436.49,4,NaN,NaN
6,2,1,900.98,4,NaN,NaN
6,2,1,533.57,4,NaN,NaN
6,2,1,456.01,4,NaN,NaN
6,2,1,610.59,4,NaN,NaN
6,2,1,554.14,4,NaN,NaN
6,2,1,554.35,4,NaN,NaN
6,2,1,706.5,4,NaN,NaN
6,2,1,512.41,4,NaN,NaN
6,2,1,818.09,4,NaN,NaN
6,2,1,499.35,4,NaN,NaN
6,2,1,467.24,4,NaN,NaN
6,2,1,498.76,4,NaN,NaN
6,2,1,662.99,4,NaN,NaN
6,2,1,481.1,4,NaN,NaN
6,2,1,1154.4,4,NaN,NaN
6,2,1,826.34,4,NaN,NaN
6,2,1,631.9,4,NaN,NaN
6,2,1,499.42,4,NaN,NaN
6,2,1,488.77,4,NaN,NaN
6,2,1,828.92,4,NaN,NaN
6,2,1,794.59,4,NaN,NaN
6,2,1,575.33,4,NaN,NaN
6,2,1,521.12,4,NaN,NaN
6,2,1,455.52,4,NaN,NaN
6,2,1,934.52,4,NaN,NaN
6,2,1,661.99,4,NaN,NaN
6,2,1,529.46,5,NaN,NaN
6,2,1,570.87,5,NaN,NaN
6,2,1,441.71,5,NaN,NaN
6,2,1,625,5,NaN,NaN
6,2,1,513.76,5,NaN,NaN
6,2,1,505.95,5,NaN,NaN
6,2,1,482.08,5,NaN,NaN
6,2,1,460.26,5,NaN,NaN
6,2,1,537.63,5,NaN,NaN
6,2,1,517.47,5,NaN,NaN
6,2,1,566.83,5,NaN,NaN
6,2,1,632.87,5,NaN,NaN
6,2,1,467.31,5,NaN,NaN
6,2,1,489.92,5,NaN,NaN
6,2,1,1186.2,5,NaN,NaN
6,2,1,393.13,5,NaN,NaN
6,2,1,520.39,5,NaN,NaN
6,2,1,544.8,5,NaN,NaN
6,2,1,857.9,5,NaN,NaN
6,2,1,476.64,5,NaN,NaN
6,2,1,489,5,NaN,NaN
6,2,1,501.2,5,NaN,NaN
6,2,1,1173.5,5,NaN,NaN
6,2,1,553.75,5,NaN,NaN
6,2,1,402.75,5,NaN,NaN
6,2,1,489.65,5,NaN,NaN
6,2,1,467.91,5,NaN,NaN
6,2,1,544.33,5,NaN,NaN
6,2,1,542.44,5,NaN,NaN
6,2,1,742.9,5,NaN,NaN
6,2,1,469.13,5,NaN,NaN
6,2,1,511.47,5,NaN,NaN
6,2,1,586.9,5,NaN,NaN
6,2,1,770.27,5,NaN,NaN
6,2,1,543.76,5,NaN,NaN
6,2,1,652.88,5,NaN,NaN
6,2,1,445.39,5,NaN,NaN
6,2,1,748.6,5,NaN,NaN
6,2,1,935.06,5,NaN,NaN
6,2,1,543.94,5,NaN,NaN
6,2,1,531.78,5,NaN,NaN
6,2,1,716.65,5,NaN,NaN
6,2,1,1089,5,NaN,NaN
6,2,1,534,5,NaN,NaN
6,2,1,642.11,5,NaN,NaN
6,2,1,448.17,5,NaN,NaN
6,2,1,543.3,5,NaN,NaN
6,2,1,413.11,5,NaN,NaN
6,2,1,1034.3,5,NaN,NaN
6,2,1,478.35,5,NaN,NaN
6,2,1,543.44,5,NaN,NaN
6,2,1,502.18,5,NaN,NaN
6,2,1,413.84,5,NaN,NaN
6,2,1,684.7,5,NaN,NaN
6,2,1,467.74,5,NaN,NaN
6,2,1,415.47,5,NaN,NaN
6,2,1,556.3,5,NaN,NaN
6,2,1,987.51,5,NaN,NaN
6,2,1,544.05,5,NaN,NaN
6,2,1,512.12,5,NaN,NaN
6,2,1,491.77,5,NaN,NaN
6,2,1,684.11,5,NaN,NaN
6,2,1,555.27,5,NaN,NaN
6,2,1,468.93,5,NaN,NaN
6,2,1,553.81,5,NaN,NaN
6,2,1,435.95,5,NaN,NaN
6,2,1,369.91,5,NaN,NaN
6,2,1,502.29,5,NaN,NaN
6,2,1,499.31,5,NaN,NaN
6,2,1,545.72,5,NaN,NaN
6,2,1,402.27,5,NaN,NaN
6,2,1,653.05,5,NaN,NaN
6,2,1,412.86,5,NaN,NaN
6,2,1,704.9,5,NaN,NaN
6,2,1,544.24,5,NaN,NaN
6,2,1,455.54,5,NaN,NaN
6,2,1,544.76,5,NaN,NaN
6,2,1,412.82,5,NaN,NaN
6,2,1,648.62,5,NaN,NaN
6,2,1,651.94,5,NaN,NaN
6,2,1,337.09,5,NaN,NaN
6,2,1,491.2,5,NaN,NaN
6,2,1,447.24,5,NaN,NaN
6,2,1,337.27,5,NaN,NaN
6,2,1,533.68,5,NaN,NaN
6,2,1,468.03,5,NaN,NaN
6,2,1,596.96,5,NaN,NaN
6,2,1,575.15,5,NaN,NaN
6,2,1,513.14,5,NaN,NaN
6,2,1,904.3,5,NaN,NaN
7,7,1,675.76,2,NaN,NaN
7,7,1,763.01,2,NaN,NaN
7,7,1,522.5,2,NaN,NaN
7,7,1,556.1,2,NaN,NaN
7,7,1,708.87,2,NaN,NaN
7,7,1,491.93,2,NaN,NaN
7,7,1,687.47,2,NaN,NaN
7,7,1,576.97,2,NaN,NaN
7,7,1,545.72,2,NaN,NaN
7,7,1,663.71,2,NaN,NaN
7,7,1,639.92,2,NaN,NaN
7,7,1,655.09,2,NaN,NaN
7,7,1,981.04,2,NaN,NaN
7,7,1,919.57,2,NaN,NaN
7,7,1,524.4,2,NaN,NaN
7,7,1,576.48,2,NaN,NaN
7,7,1,533.91,2,NaN,NaN
7,7,1,631.77,2,NaN,NaN
7,7,1,524.19,2,NaN,NaN
7,7,1,632.38,2,NaN,NaN
7,7,1,632.34,2,NaN,NaN
7,7,1,556.33,2,NaN,NaN
7,7,1,1462.1,2,NaN,NaN
7,7,1,502.92,2,NaN,NaN
7,7,1,818.37,2,NaN,NaN
7,7,1,589.02,2,NaN,NaN
7,7,1,631.98,2,NaN,NaN
7,7,1,567.32,2,NaN,NaN
7,7,1,415.62,2,NaN,NaN
7,7,1,717.59,2,NaN,NaN
7,7,1,467.74,2,NaN,NaN
7,7,1,652.26,2,NaN,NaN
7,7,1,991.43,2,NaN,NaN
7,7,1,392.06,2,NaN,NaN
7,7,1,512.33,2,NaN,NaN
7,7,1,977.33,2,NaN,NaN
7,7,1,600.11,2,NaN,NaN
7,7,1,501.14,2,NaN,NaN
7,7,1,914.44,2,NaN,NaN
7,7,1,591.36,2,NaN,NaN
7,7,1,578.74,2,NaN,NaN
7,7,1,653.99,2,NaN,NaN
7,7,1,611.41,2,NaN,NaN
7,7,1,882.24,2,NaN,NaN
7,7,1,647.61,2,NaN,NaN
7,7,1,579.22,2,NaN,NaN
7,7,1,1056.3,2,NaN,NaN
7,7,1,702.76,2,NaN,NaN
7,7,1,544.45,2,NaN,NaN
7,7,1,578.5,2,NaN,NaN
7,7,1,527.91,2,NaN,NaN
7,7,1,1306.3,2,NaN,NaN
7,7,1,501.62,2,NaN,NaN
7,7,1,816.51,2,NaN,NaN
7,7,1,490.01,2,NaN,NaN
7,7,1,588.61,2,NaN,NaN
7,7,1,683.43,2,NaN,NaN
7,7,1,619.09,2,NaN,NaN
7,7,1,1193.4,2,NaN,NaN
7,7,1,816.22,2,NaN,NaN
7,7,1,847.34,2,NaN,NaN
7,7,1,1067,2,NaN,NaN
7,7,1,795.09,2,NaN,NaN
7,7,1,1292.4,2,NaN,NaN
7,7,1,522.35,2,NaN,NaN
7,7,1,969.02,2,NaN,NaN
7,7,1,561.75,2,NaN,NaN
7,7,1,804.77,2,NaN,NaN
7,7,1,555.47,2,NaN,NaN
7,7,1,577.24,2,NaN,NaN
7,7,1,641.18,2,NaN,NaN
7,7,1,559.83,2,NaN,NaN
7,7,1,531.93,2,NaN,NaN
7,7,1,468.22,2,NaN,NaN
7,7,1,479.29,2,NaN,NaN
7,7,1,600.43,2,NaN,NaN
7,7,1,587.43,2,NaN,NaN
7,7,1,543.58,2,NaN,NaN
7,7,1,577.89,2,NaN,NaN
7,7,1,728.75,2,NaN,NaN
7,7,1,1396.6,2,NaN,NaN
7,7,1,597.47,2,NaN,NaN
7,7,1,543.45,2,NaN,NaN
7,7,1,1010.7,2,NaN,NaN
7,7,1,652.52,2,NaN,NaN
7,7,1,493.51,3,NaN,NaN
7,7,1,768.6,3,NaN,NaN
7,7,1,578.24,3,NaN,NaN
7,7,1,510.7,3,NaN,NaN
7,7,1,631.59,3,NaN,NaN
7,7,1,512.79,3,NaN,NaN
7,7,1,607.8,3,NaN,NaN
7,7,1,468.94,3,NaN,NaN
7,7,1,1118.4,3,NaN,NaN
7,7,1,477.33,3,NaN,NaN
7,7,1,555.13,3,NaN,NaN
7,7,1,490.28,3,NaN,NaN
7,7,1,632.25,3,NaN,NaN
7,7,1,1499,3,NaN,NaN
7,7,1,534.24,3,NaN,NaN
7,7,1,697.66,3,NaN,NaN
7,7,1,414.48,3,NaN,NaN
7,7,1,426.95,3,NaN,NaN
7,7,1,577.86,3,NaN,NaN
7,7,1,543.12,3,NaN,NaN
7,7,1,554.21,3,NaN,NaN
7,7,1,579.27,3,NaN,NaN
7,7,1,543.39,3,NaN,NaN
7,7,1,776.17,3,NaN,NaN
7,7,1,873.37,3,NaN,NaN
7,7,1,525.21,3,NaN,NaN
7,7,1,461.02,3,NaN,NaN
7,7,1,893.12,3,NaN,NaN
7,7,1,674.67,3,NaN,NaN
7,7,1,580.82,3,NaN,NaN
7,7,1,643.79,3,NaN,NaN
7,7,1,665.05,3,NaN,NaN
7,7,1,446.34,3,NaN,NaN
7,7,1,532.17,3,NaN,NaN
7,7,1,488.13,3,NaN,NaN
7,7,1,737.97,3,NaN,NaN
7,7,1,1150.7,3,NaN,NaN
7,7,1,499.28,3,NaN,NaN
7,7,1,706.08,3,NaN,NaN
7,7,1,922.23,3,NaN,NaN
7,7,1,543.44,3,NaN,NaN
7,7,1,699.27,3,NaN,NaN
7,7,1,575.3,3,NaN,NaN
7,7,1,631.17,3,NaN,NaN
7,7,1,632.93,3,NaN,NaN
7,7,1,726.58,3,NaN,NaN
7,7,1,555.05,3,NaN,NaN
7,7,1,467.96,3,NaN,NaN
7,7,1,782.37,3,NaN,NaN
7,7,1,597.87,3,NaN,NaN
7,7,1,697.06,3,NaN,NaN
7,7,1,532.26,3,NaN,NaN
7,7,1,597.67,3,NaN,NaN
7,7,1,533.32,3,NaN,NaN
7,7,1,630.3,3,NaN,NaN
7,7,1,543.77,3,NaN,NaN
7,7,1,684.3,3,NaN,NaN
7,7,1,662.08,3,NaN,NaN
7,7,1,716.71,3,NaN,NaN
7,7,1,664.49,3,NaN,NaN
7,7,1,642.05,3,NaN,NaN
7,7,1,597.52,3,NaN,NaN
7,7,1,597.35,3,NaN,NaN
7,7,1,630.87,3,NaN,NaN
7,7,1,814.83,3,NaN,NaN
7,7,1,566.92,3,NaN,NaN
7,7,1,533.21,3,NaN,NaN
7,7,1,423.87,3,NaN,NaN
7,7,1,542.5,3,NaN,NaN
7,7,1,553.57,3,NaN,NaN
7,7,1,531.82,3,NaN,NaN
7,7,1,521.39,3,NaN,NaN
7,7,1,553.47,3,NaN,NaN
7,7,1,586.48,3,NaN,NaN
7,7,1,717.74,3,NaN,NaN
7,7,1,975.91,3,NaN,NaN
7,7,1,565.82,3,NaN,NaN
7,7,1,575.38,3,NaN,NaN
7,7,1,924.68,3,NaN,NaN
7,7,1,977.05,3,NaN,NaN
7,7,1,607.97,3,NaN,NaN
7,7,1,737.8,3,NaN,NaN
7,7,1,524.93,3,NaN,NaN
7,7,1,582.39,3,NaN,NaN
7,7,1,868.99,3,NaN,NaN
7,7,1,456.83,3,NaN,NaN
7,7,1,632.31,3,NaN,NaN
7,7,1,629.78,3,NaN,NaN
7,7,1,643.44,3,NaN,NaN
7,7,1,598.98,3,NaN,NaN
7,7,1,545.89,4,NaN,NaN
7,7,1,558.03,4,NaN,NaN
7,7,1,546.58,4,NaN,NaN
7,7,1,598.55,4,NaN,NaN
7,7,1,566.35,4,NaN,NaN
7,7,1,480.64,4,NaN,NaN
7,7,1,363.86,4,NaN,NaN
7,7,1,523.7,4,NaN,NaN
7,7,1,521.47,4,NaN,NaN
7,7,1,568.42,4,NaN,NaN
7,7,1,438.61,4,NaN,NaN
7,7,1,522.67,4,NaN,NaN
7,7,1,554.66,4,NaN,NaN
7,7,1,543.74,4,NaN,NaN
7,7,1,800.38,4,NaN,NaN
7,7,1,511.22,4,NaN,NaN
7,7,1,610.49,4,NaN,NaN
7,7,1,565.38,4,NaN,NaN
7,7,1,536.37,4,NaN,NaN
7,7,1,543.72,4,NaN,NaN
7,7,1,631.62,4,NaN,NaN
7,7,1,446.67,4,NaN,NaN
7,7,1,694.24,4,NaN,NaN
7,7,1,748.15,4,NaN,NaN
7,7,1,500.65,4,NaN,NaN
7,7,1,531.52,4,NaN,NaN
7,7,1,619.58,4,NaN,NaN
7,7,1,1356.7,4,NaN,NaN
7,7,1,552.87,4,NaN,NaN
7,7,1,553.08,4,NaN,NaN
7,7,1,585.08,4,NaN,NaN
7,7,1,555.78,4,NaN,NaN
7,7,1,456.57,4,NaN,NaN
7,7,1,498.85,4,NaN,NaN
7,7,1,476.74,4,NaN,NaN
7,7,1,434.76,4,NaN,NaN
7,7,1,584.28,4,NaN,NaN
7,7,1,728.48,4,NaN,NaN
7,7,1,498.23,4,NaN,NaN
7,7,1,488,4,NaN,NaN
7,7,1,596.78,4,NaN,NaN
7,7,1,465.91,4,NaN,NaN
7,7,1,1060.5,4,NaN,NaN
7,7,1,577.32,4,NaN,NaN
7,7,1,434.11,4,NaN,NaN
7,7,1,649.16,4,NaN,NaN
7,7,1,530.63,4,NaN,NaN
7,7,1,491.07,4,NaN,NaN
7,7,1,477.75,4,NaN,NaN
7,7,1,1115.9,4,NaN,NaN
7,7,1,984.59,4,NaN,NaN
7,7,1,519.94,4,NaN,NaN
7,7,1,943.21,4,NaN,NaN
7,7,1,459.06,4,NaN,NaN
7,7,1,627.59,4,NaN,NaN
7,7,1,326.44,4,NaN,NaN
7,7,1,488.59,4,NaN,NaN
7,7,1,757.35,4,NaN,NaN
7,7,1,391.77,4,NaN,NaN
7,7,1,619.11,4,NaN,NaN
7,7,1,824.46,4,NaN,NaN
7,7,1,618.69,4,NaN,NaN
7,7,1,586.03,4,NaN,NaN
7,7,1,498.63,4,NaN,NaN
7,7,1,740.76,4,NaN,NaN
7,7,1,748.46,4,NaN,NaN
7,7,1,663.07,4,NaN,NaN
7,7,1,576.82,4,NaN,NaN
7,7,1,543.08,4,NaN,NaN
7,7,1,468.2,4,NaN,NaN
7,7,1,511.68,4,NaN,NaN
7,7,1,762.27,4,NaN,NaN
7,7,1,793.54,4,NaN,NaN
7,7,1,511.21,4,NaN,NaN
7,7,1,889.14,4,NaN,NaN
7,7,1,552.93,4,NaN,NaN
7,7,1,553.77,4,NaN,NaN
7,7,1,565.72,4,NaN,NaN
7,7,1,499.65,4,NaN,NaN
7,7,1,620.2,4,NaN,NaN
7,7,1,492.47,4,NaN,NaN
7,7,1,533.69,4,NaN,NaN
7,7,1,1051.4,4,NaN,NaN
7,7,1,790.66,4,NaN,NaN
7,7,1,597.37,4,NaN,NaN
7,7,1,543.7,4,NaN,NaN
7,7,1,455.9,4,NaN,NaN
7,7,1,469.64,4,NaN,NaN
7,7,1,521.3,4,NaN,NaN
7,7,1,521.02,4,NaN,NaN
7,7,1,530.7,4,NaN,NaN
7,7,1,585.53,4,NaN,NaN
7,7,1,539.49,5,NaN,NaN
7,7,1,473.45,5,NaN,NaN
7,7,1,450.94,5,NaN,NaN
7,7,1,748.75,5,NaN,NaN
7,7,1,1127.7,5,NaN,NaN
7,7,1,557.98,5,NaN,NaN
7,7,1,438.36,5,NaN,NaN
7,7,1,493.93,5,NaN,NaN
7,7,1,537.04,5,NaN,NaN
7,7,1,557.59,5,NaN,NaN
7,7,1,535.65,5,NaN,NaN
7,7,1,572.93,5,NaN,NaN
7,7,1,523.25,5,NaN,NaN
7,7,1,459.41,5,NaN,NaN
7,7,1,542.1,5,NaN,NaN
7,7,1,488.73,5,NaN,NaN
7,7,1,846.11,5,NaN,NaN
7,7,1,445.45,5,NaN,NaN
7,7,1,530.68,5,NaN,NaN
7,7,1,542.04,5,NaN,NaN
7,7,1,490.95,5,NaN,NaN
7,7,1,553.14,5,NaN,NaN
7,7,1,737.66,5,NaN,NaN
7,7,1,705.53,5,NaN,NaN
7,7,1,579.8,5,NaN,NaN
7,7,1,716.13,5,NaN,NaN
7,7,1,630.53,5,NaN,NaN
7,7,1,520.48,5,NaN,NaN
7,7,1,446.9,5,NaN,NaN
7,7,1,489.84,5,NaN,NaN
7,7,1,750.47,5,NaN,NaN
7,7,1,543.42,5,NaN,NaN
7,7,1,505.59,5,NaN,NaN
7,7,1,467.8,5,NaN,NaN
7,7,1,489.34,5,NaN,NaN
7,7,1,573.88,5,NaN,NaN
7,7,1,533.92,5,NaN,NaN
7,7,1,651.58,5,NaN,NaN
7,7,1,1212,5,NaN,NaN
7,7,1,446.31,5,NaN,NaN
7,7,1,512.4,5,NaN,NaN
7,7,1,554.99,5,NaN,NaN
7,7,1,469.34,5,NaN,NaN
7,7,1,596.83,5,NaN,NaN
7,7,1,541.38,5,NaN,NaN
7,7,1,489.61,5,NaN,NaN
7,7,1,501.34,5,NaN,NaN
7,7,1,517.34,5,NaN,NaN
7,7,1,446.28,5,NaN,NaN
7,7,1,434.83,5,NaN,NaN
7,7,1,564.89,5,NaN,NaN
7,7,1,522.65,5,NaN,NaN
7,7,1,478.09,5,NaN,NaN
7,7,1,467.54,5,NaN,NaN
7,7,1,554.67,5,NaN,NaN
7,7,1,532.53,5,NaN,NaN
7,7,1,794.75,5,NaN,NaN
7,7,1,567.64,5,NaN,NaN
7,7,1,610.7,5,NaN,NaN
7,7,1,498.15,5,NaN,NaN
7,7,1,575.5,5,NaN,NaN
7,7,1,533.29,5,NaN,NaN
7,7,1,444.78,5,NaN,NaN
7,7,1,683.88,5,NaN,NaN
7,7,1,459.2,5,NaN,NaN
7,7,1,683.42,5,NaN,NaN
7,7,1,544.87,5,NaN,NaN
7,7,1,632.89,5,NaN,NaN
7,7,1,750.15,5,NaN,NaN
7,7,1,498.86,5,NaN,NaN
7,7,1,510.53,5,NaN,NaN
7,7,1,587.53,5,NaN,NaN
7,7,1,554.71,5,NaN,NaN
7,7,1,608.03,5,NaN,NaN
7,7,1,543.81,5,NaN,NaN
7,7,1,488.67,5,NaN,NaN
7,7,1,587.19,5,NaN,NaN
7,7,1,695.89,5,NaN,NaN
7,7,1,445.91,5,NaN,NaN
7,7,1,511.76,5,NaN,NaN
7,7,1,489.71,5,NaN,NaN
7,7,1,489.93,5,NaN,NaN
7,7,1,415.7,5,NaN,NaN
7,7,1,520.11,5,NaN,NaN
7,7,1,556.62,5,NaN,NaN
7,7,1,521.26,5,NaN,NaN
7,7,1,531.49,5,NaN,NaN
7,7,1,554.73,5,NaN,NaN
7,7,1,608.02,5,NaN,NaN
7,7,1,470.31,5,NaN,NaN
7,7,1,589.63,5,NaN,NaN
7,7,1,434.37,5,NaN,NaN
8,4,1,569.42,2,NaN,NaN
8,4,1,677.65,2,NaN,NaN
8,4,1,392.16,2,NaN,NaN
8,4,1,567.4,2,NaN,NaN
8,4,1,556.31,2,NaN,NaN
8,4,1,963.12,2,NaN,NaN
8,4,1,642.01,2,NaN,NaN
8,4,1,482.04,2,NaN,NaN
8,4,1,598.3,2,NaN,NaN
8,4,1,544.08,2,NaN,NaN
8,4,1,666.18,2,NaN,NaN
8,4,1,576.22,2,NaN,NaN
8,4,1,733.07,2,NaN,NaN
8,4,1,722.45,2,NaN,NaN
8,4,1,1120.9,2,NaN,NaN
8,4,1,522.86,2,NaN,NaN
8,4,1,512.54,2,NaN,NaN
8,4,1,569.15,2,NaN,NaN
8,4,1,360.27,2,NaN,NaN
8,4,1,383.13,2,NaN,NaN
8,4,1,441.68,2,NaN,NaN
8,4,1,652.62,2,NaN,NaN
8,4,1,601.14,2,NaN,NaN
8,4,1,534.45,2,NaN,NaN
8,4,1,370.96,2,NaN,NaN
8,4,1,722.78,2,NaN,NaN
8,4,1,548.65,2,NaN,NaN
8,4,1,730.1,2,NaN,NaN
8,4,1,448.58,2,NaN,NaN
8,4,1,425.5,2,NaN,NaN
8,4,1,1049.5,2,NaN,NaN
8,4,1,616.45,2,NaN,NaN
8,4,1,782.56,2,NaN,NaN
8,4,1,437.15,2,NaN,NaN
8,4,1,547.19,2,NaN,NaN
8,4,1,547.33,2,NaN,NaN
8,4,1,719.02,2,NaN,NaN
8,4,1,599.51,2,NaN,NaN
8,4,1,490.5,2,NaN,NaN
8,4,1,545.22,2,NaN,NaN
8,4,1,447.51,2,NaN,NaN
8,4,1,604.54,2,NaN,NaN
8,4,1,493.61,2,NaN,NaN
8,4,1,490.69,2,NaN,NaN
8,4,1,536.74,2,NaN,NaN
8,4,1,589.2,2,NaN,NaN
8,4,1,588.61,2,NaN,NaN
8,4,1,643.08,2,NaN,NaN
8,4,1,512.81,2,NaN,NaN
8,4,1,851.03,2,NaN,NaN
8,4,1,525.44,2,NaN,NaN
8,4,1,535.08,2,NaN,NaN
8,4,1,662.05,2,NaN,NaN
8,4,1,652.75,2,NaN,NaN
8,4,1,434.5,2,NaN,NaN
8,4,1,622.12,2,NaN,NaN
8,4,1,599.69,2,NaN,NaN
8,4,1,667.93,2,NaN,NaN
8,4,1,665.03,2,NaN,NaN
8,4,1,523.11,2,NaN,NaN
8,4,1,765.03,2,NaN,NaN
8,4,1,553.85,2,NaN,NaN
8,4,1,581.94,2,NaN,NaN
8,4,1,521.06,2,NaN,NaN
8,4,1,936.29,2,NaN,NaN
8,4,1,489.07,2,NaN,NaN
8,4,1,511.15,2,NaN,NaN
8,4,1,521.4,2,NaN,NaN
8,4,1,497.68,2,NaN,NaN
8,4,1,489.32,2,NaN,NaN
8,4,1,554.42,2,NaN,NaN
8,4,1,597.54,2,NaN,NaN
8,4,1,306.48,2,NaN,NaN
8,4,1,542.37,2,NaN,NaN
8,4,1,562.57,2,NaN,NaN
8,4,1,544.36,2,NaN,NaN
8,4,1,576.5,2,NaN,NaN
8,4,1,479.78,2,NaN,NaN
8,4,1,600.26,2,NaN,NaN
8,4,1,544.63,2,NaN,NaN
8,4,1,523.58,2,NaN,NaN
8,4,1,545.85,2,NaN,NaN
8,4,1,1150.6,2,NaN,NaN
8,4,1,931.41,2,NaN,NaN
8,4,1,571.31,2,NaN,NaN
8,4,1,674.96,2,NaN,NaN
8,4,1,561.54,3,NaN,NaN
8,4,1,739.84,3,NaN,NaN
8,4,1,566,3,NaN,NaN
8,4,1,586.43,3,NaN,NaN
8,4,1,587.69,3,NaN,NaN
8,4,1,751.41,3,NaN,NaN
8,4,1,466.79,3,NaN,NaN
8,4,1,498.75,3,NaN,NaN
8,4,1,500.63,3,NaN,NaN
8,4,1,558.45,3,NaN,NaN
8,4,1,500.52,3,NaN,NaN
8,4,1,794.99,3,NaN,NaN
8,4,1,568.7,3,NaN,NaN
8,4,1,446.69,3,NaN,NaN
8,4,1,817.89,3,NaN,NaN
8,4,1,600.35,3,NaN,NaN
8,4,1,599,3,NaN,NaN
8,4,1,926.26,3,NaN,NaN
8,4,1,534.36,3,NaN,NaN
8,4,1,720.93,3,NaN,NaN
8,4,1,544.26,3,NaN,NaN
8,4,1,764.28,3,NaN,NaN
8,4,1,642.33,3,NaN,NaN
8,4,1,512.13,3,NaN,NaN
8,4,1,883,3,NaN,NaN
8,4,1,657.1,3,NaN,NaN
8,4,1,499.68,3,NaN,NaN
8,4,1,566.4,3,NaN,NaN
8,4,1,709.38,3,NaN,NaN
8,4,1,613.06,3,NaN,NaN
8,4,1,449.01,3,NaN,NaN
8,4,1,553.32,3,NaN,NaN
8,4,1,521.33,3,NaN,NaN
8,4,1,769.34,3,NaN,NaN
8,4,1,543.96,3,NaN,NaN
8,4,1,792.28,3,NaN,NaN
8,4,1,1008.7,3,NaN,NaN
8,4,1,489.17,3,NaN,NaN
8,4,1,499.21,3,NaN,NaN
8,4,1,739.85,3,NaN,NaN
8,4,1,662.65,3,NaN,NaN
8,4,1,607.46,3,NaN,NaN
8,4,1,663.72,3,NaN,NaN
8,4,1,653.17,3,NaN,NaN
8,4,1,598.51,3,NaN,NaN
8,4,1,730.8,3,NaN,NaN
8,4,1,938,3,NaN,NaN
8,4,1,641.6,3,NaN,NaN
8,4,1,502.15,3,NaN,NaN
8,4,1,1076.3,3,NaN,NaN
8,4,1,499.94,3,NaN,NaN
8,4,1,1169.6,3,NaN,NaN
8,4,1,600.88,3,NaN,NaN
8,4,1,554.13,3,NaN,NaN
8,4,1,553.55,3,NaN,NaN
8,4,1,609.6,3,NaN,NaN
8,4,1,1009.6,3,NaN,NaN
8,4,1,611.64,3,NaN,NaN
8,4,1,619.46,3,NaN,NaN
8,4,1,563.16,3,NaN,NaN
8,4,1,544.89,3,NaN,NaN
8,4,1,772.44,3,NaN,NaN
8,4,1,538.08,3,NaN,NaN
8,4,1,532.66,3,NaN,NaN
8,4,1,596.3,3,NaN,NaN
8,4,1,509.95,3,NaN,NaN
8,4,1,467.15,3,NaN,NaN
8,4,1,521.32,3,NaN,NaN
8,4,1,435.2,3,NaN,NaN
8,4,1,392.14,3,NaN,NaN
8,4,1,456.76,3,NaN,NaN
8,4,1,511.1,3,NaN,NaN
8,4,1,478.92,3,NaN,NaN
8,4,1,640.27,3,NaN,NaN
8,4,1,599.04,3,NaN,NaN
8,4,1,510.66,3,NaN,NaN
8,4,1,512.88,3,NaN,NaN
8,4,1,532.47,3,NaN,NaN
8,4,1,1024,3,NaN,NaN
8,4,1,585.9,3,NaN,NaN
8,4,1,468.31,3,NaN,NaN
8,4,1,491.25,3,NaN,NaN
8,4,1,683.74,3,NaN,NaN
8,4,1,455.93,3,NaN,NaN
8,4,1,531.76,3,NaN,NaN
8,4,1,553.4,3,NaN,NaN
8,4,1,600.27,3,NaN,NaN
8,4,1,578.92,3,NaN,NaN
8,4,1,478.75,3,NaN,NaN
8,4,1,588.14,3,NaN,NaN
8,4,1,542.18,3,NaN,NaN
8,4,1,473.65,4,NaN,NaN
8,4,1,442.53,4,NaN,NaN
8,4,1,374.69,4,NaN,NaN
8,4,1,566.93,4,NaN,NaN
8,4,1,513.31,4,NaN,NaN
8,4,1,461.04,4,NaN,NaN
8,4,1,428.57,4,NaN,NaN
8,4,1,481.36,4,NaN,NaN
8,4,1,469.07,4,NaN,NaN
8,4,1,511.83,4,NaN,NaN
8,4,1,504.17,4,NaN,NaN
8,4,1,480.5,4,NaN,NaN
8,4,1,565.56,4,NaN,NaN
8,4,1,748.32,4,NaN,NaN
8,4,1,746.69,4,NaN,NaN
8,4,1,630.14,4,NaN,NaN
8,4,1,761.69,4,NaN,NaN
8,4,1,433.94,4,NaN,NaN
8,4,1,575.34,4,NaN,NaN
8,4,1,415.33,4,NaN,NaN
8,4,1,521.72,4,NaN,NaN
8,4,1,488.58,4,NaN,NaN
8,4,1,619.71,4,NaN,NaN
8,4,1,662.38,4,NaN,NaN
8,4,1,457.22,4,NaN,NaN
8,4,1,630.77,4,NaN,NaN
8,4,1,478.79,4,NaN,NaN
8,4,1,532.36,4,NaN,NaN
8,4,1,500.25,4,NaN,NaN
8,4,1,520.68,4,NaN,NaN
8,4,1,487.66,4,NaN,NaN
8,4,1,433.21,4,NaN,NaN
8,4,1,531.82,4,NaN,NaN
8,4,1,457.39,4,NaN,NaN
8,4,1,445.25,4,NaN,NaN
8,4,1,479.19,4,NaN,NaN
8,4,1,531.87,4,NaN,NaN
8,4,1,455.39,4,NaN,NaN
8,4,1,618.68,4,NaN,NaN
8,4,1,477.09,4,NaN,NaN
8,4,1,445.33,4,NaN,NaN
8,4,1,533.34,4,NaN,NaN
8,4,1,392.71,4,NaN,NaN
8,4,1,596.16,4,NaN,NaN
8,4,1,360.19,4,NaN,NaN
8,4,1,694.93,4,NaN,NaN
8,4,1,544.73,4,NaN,NaN
8,4,1,467.4,4,NaN,NaN
8,4,1,629.49,4,NaN,NaN
8,4,1,532.09,4,NaN,NaN
8,4,1,498.04,4,NaN,NaN
8,4,1,542.51,4,NaN,NaN
8,4,1,542.02,4,NaN,NaN
8,4,1,498.54,4,NaN,NaN
8,4,1,392.75,4,NaN,NaN
8,4,1,683.37,4,NaN,NaN
8,4,1,469.24,4,NaN,NaN
8,4,1,423.76,4,NaN,NaN
8,4,1,412.78,4,NaN,NaN
8,4,1,501.1,4,NaN,NaN
8,4,1,453.46,4,NaN,NaN
8,4,1,456.03,4,NaN,NaN
8,4,1,607.58,4,NaN,NaN
8,4,1,501.23,4,NaN,NaN
8,4,1,858.05,4,NaN,NaN
8,4,1,523.94,4,NaN,NaN
8,4,1,532.37,4,NaN,NaN
8,4,1,804.65,4,NaN,NaN
8,4,1,542.51,4,NaN,NaN
8,4,1,543.62,4,NaN,NaN
8,4,1,665.01,4,NaN,NaN
8,4,1,633.96,4,NaN,NaN
8,4,1,531.89,4,NaN,NaN
8,4,1,598.54,4,NaN,NaN
8,4,1,434.08,4,NaN,NaN
8,4,1,446.13,4,NaN,NaN
8,4,1,457.09,4,NaN,NaN
8,4,1,491.98,4,NaN,NaN
8,4,1,500.59,4,NaN,NaN
8,4,1,425.53,4,NaN,NaN
8,4,1,477.5,4,NaN,NaN
8,4,1,542.71,4,NaN,NaN
8,4,1,466.53,4,NaN,NaN
8,4,1,533.63,4,NaN,NaN
8,4,1,534.42,4,NaN,NaN
8,4,1,531.41,4,NaN,NaN
8,4,1,543.26,4,NaN,NaN
8,4,1,520.38,4,NaN,NaN
8,4,1,456.19,4,NaN,NaN
8,4,1,618.16,4,NaN,NaN
8,4,1,500.61,4,NaN,NaN
8,4,1,510.19,4,NaN,NaN
8,4,1,463.79,5,NaN,NaN
8,4,1,364.16,5,NaN,NaN
8,4,1,374.87,5,NaN,NaN
8,4,1,448.86,5,NaN,NaN
8,4,1,590.49,5,NaN,NaN
8,4,1,481.24,5,NaN,NaN
8,4,1,494.05,5,NaN,NaN
8,4,1,409.09,5,NaN,NaN
8,4,1,441.34,5,NaN,NaN
8,4,1,440.12,5,NaN,NaN
8,4,1,514.71,5,NaN,NaN
8,4,1,526.17,5,NaN,NaN
8,4,1,535.79,5,NaN,NaN
8,4,1,568.78,5,NaN,NaN
8,4,1,505.89,5,NaN,NaN
8,4,1,492.77,5,NaN,NaN
8,4,1,424.66,5,NaN,NaN
8,4,1,434.19,5,NaN,NaN
8,4,1,466.54,5,NaN,NaN
8,4,1,315.46,5,NaN,NaN
8,4,1,444.51,5,NaN,NaN
8,4,1,512.87,5,NaN,NaN
8,4,1,499.65,5,NaN,NaN
8,4,1,499.71,5,NaN,NaN
8,4,1,554.38,5,NaN,NaN
8,4,1,501.77,5,NaN,NaN
8,4,1,672.92,5,NaN,NaN
8,4,1,478.01,5,NaN,NaN
8,4,1,522.03,5,NaN,NaN
8,4,1,446.38,5,NaN,NaN
8,4,1,448.94,5,NaN,NaN
8,4,1,544.64,5,NaN,NaN
8,4,1,433.41,5,NaN,NaN
8,4,1,542.79,5,NaN,NaN
8,4,1,457.25,5,NaN,NaN
8,4,1,357.71,5,NaN,NaN
8,4,1,1095.6,5,NaN,NaN
8,4,1,586.82,5,NaN,NaN
8,4,1,725.67,5,NaN,NaN
8,4,1,457.44,5,NaN,NaN
8,4,1,656.02,5,NaN,NaN
8,4,1,524.39,5,NaN,NaN
8,4,1,456.6,5,NaN,NaN
8,4,1,467.93,5,NaN,NaN
8,4,1,543.3,5,NaN,NaN
8,4,1,503.55,5,NaN,NaN
8,4,1,488.59,5,NaN,NaN
8,4,1,544.67,5,NaN,NaN
8,4,1,555.22,5,NaN,NaN
8,4,1,522.93,5,NaN,NaN
8,4,1,577.32,5,NaN,NaN
8,4,1,445.33,5,NaN,NaN
8,4,1,402.18,5,NaN,NaN
8,4,1,654.7,5,NaN,NaN
8,4,1,513.58,5,NaN,NaN
8,4,1,720.03,5,NaN,NaN
8,4,1,542.21,5,NaN,NaN
8,4,1,564.45,5,NaN,NaN
8,4,1,413.02,5,NaN,NaN
8,4,1,446.82,5,NaN,NaN
8,4,1,523.94,5,NaN,NaN
8,4,1,500.32,5,NaN,NaN
8,4,1,413.01,5,NaN,NaN
8,4,1,380.24,5,NaN,NaN
8,4,1,372.63,5,NaN,NaN
8,4,1,490.65,5,NaN,NaN
8,4,1,613.68,5,NaN,NaN
8,4,1,448.53,5,NaN,NaN
8,4,1,416.16,5,NaN,NaN
8,4,1,466.59,5,NaN,NaN
8,4,1,598.82,5,NaN,NaN
8,4,1,435.43,5,NaN,NaN
8,4,1,511.99,5,NaN,NaN
8,4,1,544.72,5,NaN,NaN
8,4,1,476.73,5,NaN,NaN
8,4,1,402.72,5,NaN,NaN
8,4,1,468.15,5,NaN,NaN
8,4,1,469.56,5,NaN,NaN
8,4,1,459.4,5,NaN,NaN
8,4,1,521.46,5,NaN,NaN
8,4,1,446.1,5,NaN,NaN
8,4,1,436.94,5,NaN,NaN
8,4,1,479.06,5,NaN,NaN
8,4,1,512.96,5,NaN,NaN
8,4,1,489.06,5,NaN,NaN
8,4,1,490.61,5,NaN,NaN
8,4,1,425.68,5,NaN,NaN
8,4,1,435.15,5,NaN,NaN
8,4,1,403.8,5,NaN,NaN
8,4,1,383.38,5,NaN,NaN
9,1,1,470.96,2,NaN,NaN
9,1,1,711,2,NaN,NaN
9,1,1,645.51,2,NaN,NaN
9,1,1,568.26,2,NaN,NaN
9,1,1,501.97,2,NaN,NaN
9,1,1,491.08,2,NaN,NaN
9,1,1,468.78,2,NaN,NaN
9,1,1,871.89,2,NaN,NaN
9,1,1,871.83,2,NaN,NaN
9,1,1,575.91,2,NaN,NaN
9,1,1,772.53,2,NaN,NaN
9,1,1,511.37,2,NaN,NaN
9,1,1,522.01,2,NaN,NaN
9,1,1,1490.3,2,NaN,NaN
9,1,1,533.96,2,NaN,NaN
9,1,1,576.24,2,NaN,NaN
9,1,1,511.92,2,NaN,NaN
9,1,1,586.89,2,NaN,NaN
9,1,1,532.32,2,NaN,NaN
9,1,1,524.44,2,NaN,NaN
9,1,1,468.82,2,NaN,NaN
9,1,1,413.9,2,NaN,NaN
9,1,1,480.55,2,NaN,NaN
9,1,1,447.08,2,NaN,NaN
9,1,1,655.59,2,NaN,NaN
9,1,1,558.85,2,NaN,NaN
9,1,1,544.87,2,NaN,NaN
9,1,1,512.65,2,NaN,NaN
9,1,1,593.07,2,NaN,NaN
9,1,1,795.55,2,NaN,NaN
9,1,1,555.77,2,NaN,NaN
9,1,1,590.73,2,NaN,NaN
9,1,1,489.84,2,NaN,NaN
9,1,1,636.92,2,NaN,NaN
9,1,1,553.93,2,NaN,NaN
9,1,1,576.19,2,NaN,NaN
9,1,1,756.94,2,NaN,NaN
9,1,1,554.84,2,NaN,NaN
9,1,1,621.61,2,NaN,NaN
9,1,1,577.54,2,NaN,NaN
9,1,1,492.91,2,NaN,NaN
9,1,1,527.39,2,NaN,NaN
9,1,1,525.37,2,NaN,NaN
9,1,1,657.85,2,NaN,NaN
9,1,1,625.71,2,NaN,NaN
9,1,1,916.59,2,NaN,NaN
9,1,1,604.3,2,NaN,NaN
9,1,1,490.73,2,NaN,NaN
9,1,1,712.48,2,NaN,NaN
9,1,1,556.6,2,NaN,NaN
9,1,1,1263.9,2,NaN,NaN
9,1,1,760.78,2,NaN,NaN
9,1,1,606.69,2,NaN,NaN
9,1,1,816.45,2,NaN,NaN
9,1,1,532.14,2,NaN,NaN
9,1,1,854.3,2,NaN,NaN
9,1,1,500.08,2,NaN,NaN
9,1,1,503.63,2,NaN,NaN
9,1,1,737.94,2,NaN,NaN
9,1,1,511.79,2,NaN,NaN
9,1,1,414.44,2,NaN,NaN
9,1,1,532.77,2,NaN,NaN
9,1,1,1099.6,2,NaN,NaN
9,1,1,575.04,2,NaN,NaN
9,1,1,586.11,2,NaN,NaN
9,1,1,789.85,2,NaN,NaN
9,1,1,575.1,2,NaN,NaN
9,1,1,501.3,2,NaN,NaN
9,1,1,524.29,2,NaN,NaN
9,1,1,641.21,2,NaN,NaN
9,1,1,456.02,2,NaN,NaN
9,1,1,589.21,2,NaN,NaN
9,1,1,454.97,2,NaN,NaN
9,1,1,521.15,2,NaN,NaN
9,1,1,478.19,2,NaN,NaN
9,1,1,412.46,2,NaN,NaN
9,1,1,379.73,2,NaN,NaN
9,1,1,426.82,2,NaN,NaN
9,1,1,510.4,2,NaN,NaN
9,1,1,499.46,2,NaN,NaN
9,1,1,510.77,2,NaN,NaN
9,1,1,446.65,2,NaN,NaN
9,1,1,510.65,2,NaN,NaN
9,1,1,489.6,2,NaN,NaN
9,1,1,434.55,2,NaN,NaN
9,1,1,739.21,2,NaN,NaN
9,1,1,521.39,2,NaN,NaN
9,1,1,871.53,3,NaN,NaN
9,1,1,624.51,3,NaN,NaN
9,1,1,491.08,3,NaN,NaN
9,1,1,416.9,3,NaN,NaN
9,1,1,468.61,3,NaN,NaN
9,1,1,558.12,3,NaN,NaN
9,1,1,782.94,3,NaN,NaN
9,1,1,489.37,3,NaN,NaN
9,1,1,696.02,3,NaN,NaN
9,1,1,477.93,3,NaN,NaN
9,1,1,467.92,3,NaN,NaN
9,1,1,544,3,NaN,NaN
9,1,1,456.79,3,NaN,NaN
9,1,1,548.45,3,NaN,NaN
9,1,1,523.13,3,NaN,NaN
9,1,1,1001.9,3,NaN,NaN
9,1,1,470.71,3,NaN,NaN
9,1,1,467.05,3,NaN,NaN
9,1,1,468.34,3,NaN,NaN
9,1,1,446.08,3,NaN,NaN
9,1,1,467.55,3,NaN,NaN
9,1,1,568.31,3,NaN,NaN
9,1,1,926.62,3,NaN,NaN
9,1,1,600.9,3,NaN,NaN
9,1,1,652.83,3,NaN,NaN
9,1,1,384.32,3,NaN,NaN
9,1,1,973.82,3,NaN,NaN
9,1,1,587.26,3,NaN,NaN
9,1,1,1089.5,3,NaN,NaN
9,1,1,1131.7,3,NaN,NaN
9,1,1,440.65,3,NaN,NaN
9,1,1,575.44,3,NaN,NaN
9,1,1,435.71,3,NaN,NaN
9,1,1,1288.5,3,NaN,NaN
9,1,1,609.73,3,NaN,NaN
9,1,1,521,3,NaN,NaN
9,1,1,629.14,3,NaN,NaN
9,1,1,553.62,3,NaN,NaN
9,1,1,1075.7,3,NaN,NaN
9,1,1,455.87,3,NaN,NaN
9,1,1,881.66,3,NaN,NaN
9,1,1,704.97,3,NaN,NaN
9,1,1,653.32,3,NaN,NaN
9,1,1,1282.2,3,NaN,NaN
9,1,1,520.23,3,NaN,NaN
9,1,1,491.12,3,NaN,NaN
9,1,1,500.56,3,NaN,NaN
9,1,1,522.88,3,NaN,NaN
9,1,1,499.49,3,NaN,NaN
9,1,1,824.78,3,NaN,NaN
9,1,1,492.42,3,NaN,NaN
9,1,1,435.59,3,NaN,NaN
9,1,1,447.53,3,NaN,NaN
9,1,1,565.81,3,NaN,NaN
9,1,1,780.82,3,NaN,NaN
9,1,1,455.77,3,NaN,NaN
9,1,1,890.35,3,NaN,NaN
9,1,1,629.03,3,NaN,NaN
9,1,1,509.9,3,NaN,NaN
9,1,1,522.03,3,NaN,NaN
9,1,1,609.97,3,NaN,NaN
9,1,1,795.79,3,NaN,NaN
9,1,1,747.72,3,NaN,NaN
9,1,1,739.55,3,NaN,NaN
9,1,1,466.96,3,NaN,NaN
9,1,1,499.47,3,NaN,NaN
9,1,1,501.5,3,NaN,NaN
9,1,1,468.18,3,NaN,NaN
9,1,1,673.4,3,NaN,NaN
9,1,1,1391.9,3,NaN,NaN
9,1,1,499.79,3,NaN,NaN
9,1,1,542.57,3,NaN,NaN
9,1,1,380.05,3,NaN,NaN
9,1,1,479.43,3,NaN,NaN
9,1,1,467.33,3,NaN,NaN
9,1,1,577.01,3,NaN,NaN
9,1,1,512.75,3,NaN,NaN
9,1,1,414.07,3,NaN,NaN
9,1,1,500.17,3,NaN,NaN
9,1,1,479.86,3,NaN,NaN
9,1,1,402.68,3,NaN,NaN
9,1,1,372.49,3,NaN,NaN
9,1,1,532.51,3,NaN,NaN
9,1,1,467.02,3,NaN,NaN
9,1,1,597.76,3,NaN,NaN
9,1,1,426.68,3,NaN,NaN
9,1,1,565.91,3,NaN,NaN
9,1,1,597.07,3,NaN,NaN
9,1,1,511.12,3,NaN,NaN
9,1,1,488.28,3,NaN,NaN
9,1,1,365.16,4,NaN,NaN
9,1,1,672.37,4,NaN,NaN
9,1,1,471.05,4,NaN,NaN
9,1,1,535.71,4,NaN,NaN
9,1,1,470.38,4,NaN,NaN
9,1,1,449.5,4,NaN,NaN
9,1,1,512.14,4,NaN,NaN
9,1,1,363.58,4,NaN,NaN
9,1,1,469.91,4,NaN,NaN
9,1,1,448.47,4,NaN,NaN
9,1,1,473.19,4,NaN,NaN
9,1,1,789.46,4,NaN,NaN
9,1,1,436.9,4,NaN,NaN
9,1,1,535.36,4,NaN,NaN
9,1,1,522.4,4,NaN,NaN
9,1,1,446.12,4,NaN,NaN
9,1,1,520.79,4,NaN,NaN
9,1,1,978.75,4,NaN,NaN
9,1,1,447.35,4,NaN,NaN
9,1,1,620.66,4,NaN,NaN
9,1,1,597.27,4,NaN,NaN
9,1,1,531.9,4,NaN,NaN
9,1,1,512.14,4,NaN,NaN
9,1,1,456.52,4,NaN,NaN
9,1,1,738.68,4,NaN,NaN
9,1,1,511.09,4,NaN,NaN
9,1,1,717.04,4,NaN,NaN
9,1,1,470.46,4,NaN,NaN
9,1,1,391.03,4,NaN,NaN
9,1,1,489.37,4,NaN,NaN
9,1,1,913.19,4,NaN,NaN
9,1,1,488.57,4,NaN,NaN
9,1,1,478.61,4,NaN,NaN
9,1,1,565.2,4,NaN,NaN
9,1,1,661.61,4,NaN,NaN
9,1,1,434.18,4,NaN,NaN
9,1,1,358.44,4,NaN,NaN
9,1,1,488.3,4,NaN,NaN
9,1,1,467.28,4,NaN,NaN
9,1,1,425.98,4,NaN,NaN
9,1,1,468.21,4,NaN,NaN
9,1,1,551.49,4,NaN,NaN
9,1,1,520.8,4,NaN,NaN
9,1,1,521.57,4,NaN,NaN
9,1,1,804.51,4,NaN,NaN
9,1,1,467.64,4,NaN,NaN
9,1,1,424.22,4,NaN,NaN
9,1,1,650.52,4,NaN,NaN
9,1,1,844.4,4,NaN,NaN
9,1,1,541.94,4,NaN,NaN
9,1,1,553.02,4,NaN,NaN
9,1,1,488.36,4,NaN,NaN
9,1,1,556.12,4,NaN,NaN
9,1,1,433.96,4,NaN,NaN
9,1,1,499.88,4,NaN,NaN
9,1,1,467.48,4,NaN,NaN
9,1,1,466.69,4,NaN,NaN
9,1,1,455.45,4,NaN,NaN
9,1,1,487.67,4,NaN,NaN
9,1,1,488.98,4,NaN,NaN
9,1,1,500.91,4,NaN,NaN
9,1,1,467.97,4,NaN,NaN
9,1,1,694.08,4,NaN,NaN
9,1,1,705.59,4,NaN,NaN
9,1,1,435,4,NaN,NaN
9,1,1,608.97,4,NaN,NaN
9,1,1,522.13,4,NaN,NaN
9,1,1,621.18,4,NaN,NaN
9,1,1,599.54,4,NaN,NaN
9,1,1,706.4,4,NaN,NaN
9,1,1,545.36,4,NaN,NaN
9,1,1,556.58,4,NaN,NaN
9,1,1,653.21,4,NaN,NaN
9,1,1,555.15,4,NaN,NaN
9,1,1,522.29,4,NaN,NaN
9,1,1,477.59,4,NaN,NaN
9,1,1,467.16,4,NaN,NaN
9,1,1,433.64,4,NaN,NaN
9,1,1,661.35,4,NaN,NaN
9,1,1,455.56,4,NaN,NaN
9,1,1,510.45,4,NaN,NaN
9,1,1,466.73,4,NaN,NaN
9,1,1,533.37,4,NaN,NaN
9,1,1,520,4,NaN,NaN
9,1,1,477.56,4,NaN,NaN
9,1,1,649.6,4,NaN,NaN
9,1,1,523.5,4,NaN,NaN
9,1,1,487.91,4,NaN,NaN
9,1,1,379.91,4,NaN,NaN
9,1,1,509.2,4,NaN,NaN
9,1,1,414.56,4,NaN,NaN
9,1,1,446.05,4,NaN,NaN
9,1,1,482.62,5,NaN,NaN
9,1,1,431.74,5,NaN,NaN
9,1,1,408.9,5,NaN,NaN
9,1,1,461.58,5,NaN,NaN
9,1,1,412.3,5,NaN,NaN
9,1,1,420.34,5,NaN,NaN
9,1,1,471.45,5,NaN,NaN
9,1,1,419.4,5,NaN,NaN
9,1,1,449.34,5,NaN,NaN
9,1,1,406.55,5,NaN,NaN
9,1,1,567.9,5,NaN,NaN
9,1,1,634.06,5,NaN,NaN
9,1,1,442.03,5,NaN,NaN
9,1,1,524.77,5,NaN,NaN
9,1,1,555.08,5,NaN,NaN
9,1,1,365.31,5,NaN,NaN
9,1,1,359.51,5,NaN,NaN
9,1,1,477.88,5,NaN,NaN
9,1,1,555.16,5,NaN,NaN
9,1,1,391.5,5,NaN,NaN
9,1,1,369.06,5,NaN,NaN
9,1,1,499.72,5,NaN,NaN
9,1,1,436.74,5,NaN,NaN
9,1,1,477.55,5,NaN,NaN
9,1,1,457.76,5,NaN,NaN
9,1,1,478.83,5,NaN,NaN
9,1,1,490.76,5,NaN,NaN
9,1,1,501.89,5,NaN,NaN
9,1,1,433.71,5,NaN,NaN
9,1,1,465.84,5,NaN,NaN
9,1,1,413.12,5,NaN,NaN
9,1,1,501.67,5,NaN,NaN
9,1,1,531.9,5,NaN,NaN
9,1,1,524.67,5,NaN,NaN
9,1,1,466.24,5,NaN,NaN
9,1,1,748.57,5,NaN,NaN
9,1,1,434.94,5,NaN,NaN
9,1,1,369.84,5,NaN,NaN
9,1,1,359.31,5,NaN,NaN
9,1,1,563.98,5,NaN,NaN
9,1,1,467.84,5,NaN,NaN
9,1,1,359.03,5,NaN,NaN
9,1,1,380.55,5,NaN,NaN
9,1,1,468.14,5,NaN,NaN
9,1,1,599.53,5,NaN,NaN
9,1,1,958.59,5,NaN,NaN
9,1,1,773.83,5,NaN,NaN
9,1,1,525.3,5,NaN,NaN
9,1,1,846.05,5,NaN,NaN
9,1,1,457.28,5,NaN,NaN
9,1,1,436.6,5,NaN,NaN
9,1,1,449.79,5,NaN,NaN
9,1,1,522.37,5,NaN,NaN
9,1,1,469.9,5,NaN,NaN
9,1,1,447.51,5,NaN,NaN
9,1,1,470.42,5,NaN,NaN
9,1,1,556.31,5,NaN,NaN
9,1,1,536.56,5,NaN,NaN
9,1,1,543.72,5,NaN,NaN
9,1,1,434.26,5,NaN,NaN
9,1,1,608.68,5,NaN,NaN
9,1,1,414.46,5,NaN,NaN
9,1,1,455.97,5,NaN,NaN
9,1,1,404.63,5,NaN,NaN
9,1,1,434.82,5,NaN,NaN
9,1,1,412.38,5,NaN,NaN
9,1,1,404.78,5,NaN,NaN
9,1,1,359.1,5,NaN,NaN
9,1,1,553.62,5,NaN,NaN
9,1,1,412.54,5,NaN,NaN
9,1,1,468.53,5,NaN,NaN
9,1,1,477.88,5,NaN,NaN
9,1,1,403.9,5,NaN,NaN
9,1,1,640.93,5,NaN,NaN
9,1,1,515.8,5,NaN,NaN
9,1,1,467.62,5,NaN,NaN
9,1,1,804.9,5,NaN,NaN
9,1,1,652.81,5,NaN,NaN
9,1,1,479.76,5,NaN,NaN
9,1,1,577.42,5,NaN,NaN
9,1,1,524.7,5,NaN,NaN
9,1,1,371.22,5,NaN,NaN
9,1,1,500.77,5,NaN,NaN
9,1,1,587.28,5,NaN,NaN
9,1,1,457.01,5,NaN,NaN
9,1,1,413.51,5,NaN,NaN
9,1,1,522.33,5,NaN,NaN
9,1,1,500.79,5,NaN,NaN
9,1,1,391.6,5,NaN,NaN
9,1,1,413.43,5,NaN,NaN
9,1,1,380.8,5,NaN,NaN
9,1,1,415.23,5,NaN,NaN
9,1,1,359.88,5,NaN,NaN
