1,1,1,409.12,2,0,0
1,1,1,437.25,2,0,0
1,1,1,452.47,2,0,0
1,1,1,420.56,2,0,0
1,1,1,495.67,2,0,0
1,1,1,432.23,2,0,0
1,1,1,410.13,2,0,0
1,1,1,388.45,2,0,0
1,1,1,324.68,2,0,0
1,1,1,380.08,2,0,0
1,1,1,379.27,2,0,0
1,1,1,422.23,2,0,0
1,1,1,400.46,2,0,0
1,1,1,442.57,2,0,0
1,1,1,378.68,2,0,0
1,1,1,496.76,2,0,0
1,1,1,476.24,2,0,0
1,1,1,389.81,2,0,0
1,1,1,442.77,2,0,0
1,1,1,464.72,2,0,0
1,1,1,441.17,2,0,0
1,1,1,430.93,2,0,0
1,1,1,442.46,2,0,0
1,1,1,399.21,2,0,0
1,1,1,403.56,2,0,0
1,1,1,421.33,2,0,0
1,1,1,429.85,2,0,0
1,1,1,421.19,2,0,0
1,1,1,409.88,2,0,0
1,1,1,430.99,2,0,0
1,1,1,377.36,2,0,0
1,1,1,420.95,2,0,0
1,1,1,515.77,2,0,0
1,1,1,537.66,2,0,0
1,1,1,378.55,2,0,0
1,1,1,390.58,2,0,0
1,1,1,366.14,2,0,0
1,1,1,442.28,2,0,0
1,1,1,378.72,2,0,0
1,1,1,345.02,2,0,0
1,1,1,344.86,2,0,0
1,1,1,388.11,2,0,0
1,1,1,366.93,2,0,0
1,1,1,312.45,2,0,0
1,1,1,355.56,2,0,0
1,1,1,366.45,2,0,0
1,1,1,468.64,2,0,0
1,1,1,445.08,2,0,0
1,1,1,467.58,2,0,0
1,1,1,357.92,2,0,0
1,1,1,358.24,2,0,0
1,1,1,380.5,2,0,0
1,1,1,433.52,2,0,0
1,1,1,357.64,2,0,0
1,1,1,412.11,2,0,0
1,1,1,401.23,2,0,0
1,1,1,402.77,2,0,0
1,1,1,347.41,2,0,0
1,1,1,445.34,2,0,0
1,1,1,347.92,2,0,0
1,1,1,401.54,2,0,0
1,1,1,358.85,2,0,0
1,1,1,433.02,2,0,0
1,1,1,423.35,2,0,0
1,1,1,521.85,2,0,0
1,1,1,390.82,2,0,0
1,1,1,412.02,2,0,0
1,1,1,425.5,2,0,0
1,1,1,380.97,2,0,0
1,1,1,447.55,2,0,0
1,1,1,435.61,2,0,0
1,1,1,532.71,2,0,0
1,1,1,412.81,2,0,0
1,1,1,393.57,2,0,0
1,1,1,490.84,2,0,0
1,1,1,412.91,2,0,0
1,1,1,446.19,2,0,0
1,1,1,390.82,2,0,0
1,1,1,337.4,2,0,0
1,1,1,469.67,2,0,0
1,1,1,478.08,2,0,0
1,1,1,337.18,2,0,0
1,1,1,318.08,2,0,0
1,1,1,380.67,2,0,0
1,1,1,402.16,2,0,0
1,1,1,412.4,2,0,0
1,1,1,425.06,2,0,0
1,1,1,358.99,2,0,0
1,1,1,347.58,2,0,0
1,1,1,391.07,2,0,0
1,1,1,413.34,2,0,0
1,1,1,520.92,2,0,0
1,1,1,556.11,3,0,0
1,1,1,438.79,3,0,0
1,1,1,405.79,3,0,0
1,1,1,442.18,3,0,0
1,1,1,454.87,3,0,0
1,1,1,408.4,3,0,0
1,1,1,417.3,3,0,0
1,1,1,462.16,3,0,0
1,1,1,405.45,3,0,0
1,1,1,397.25,3,0,0
1,1,1,407.96,3,0,0
1,1,1,428.43,3,0,0
1,1,1,392.2,3,0,0
1,1,1,411.83,3,0,0
1,1,1,431.99,3,0,0
1,1,1,421.43,3,0,0
1,1,1,390.11,3,0,0
1,1,1,422.59,3,0,0
1,1,1,381.14,3,0,0
1,1,1,379.05,3,0,0
1,1,1,390.51,3,0,0
1,1,1,389.59,3,0,0
1,1,1,414.57,3,0,0
1,1,1,434.24,3,0,0
1,1,1,433.2,3,0,0
1,1,1,347.29,3,0,0
1,1,1,443.92,3,0,0
1,1,1,491.44,3,0,0
1,1,1,378.67,3,0,0
1,1,1,455.82,3,0,0
1,1,1,389.76,3,0,0
1,1,1,380.08,3,0,0
1,1,1,379.45,3,0,0
1,1,1,379.48,3,0,0
1,1,1,390.15,3,0,0
1,1,1,360.18,3,0,0
1,1,1,368.22,3,0,0
1,1,1,336.24,3,0,0
1,1,1,380.22,3,0,0
1,1,1,317.01,3,0,0
1,1,1,369.43,3,0,0
1,1,1,390.55,3,0,0
1,1,1,379.71,3,0,0
1,1,1,423.01,3,0,0
1,1,1,447.07,3,0,0
1,1,1,369.05,3,0,0
1,1,1,360.86,3,0,0
1,1,1,358.85,3,0,0
1,1,1,379.46,3,0,0
1,1,1,357.29,3,0,0
1,1,1,412.03,3,0,0
1,1,1,369.01,3,0,0
1,1,1,413.68,3,0,0
1,1,1,391.14,3,0,0
1,1,1,402.85,3,0,0
1,1,1,411.63,3,0,0
1,1,1,411.48,3,0,0
1,1,1,390.58,3,0,0
1,1,1,381.82,3,0,0
1,1,1,391.42,3,0,0
1,1,1,405.23,3,0,0
1,1,1,434.48,3,0,0
1,1,1,425.64,3,0,0
1,1,1,369.8,3,0,0
1,1,1,413.82,3,0,0
1,1,1,391.02,3,0,0
1,1,1,358.06,3,0,0
1,1,1,423.66,3,0,0
1,1,1,433.12,3,0,0
1,1,1,404.13,3,0,0
1,1,1,369.14,3,0,0
1,1,1,437.06,3,0,0
1,1,1,412.52,3,0,0
1,1,1,380.66,3,0,0
1,1,1,391.33,3,0,0
1,1,1,359.05,3,0,0
1,1,1,391.11,3,0,0
1,1,1,412.01,3,0,0
1,1,1,401.41,3,0,0
1,1,1,358.06,3,0,0
1,1,1,371.51,3,0,0
1,1,1,382.06,3,0,0
1,1,1,402.02,3,0,0
1,1,1,436.66,3,0,0
1,1,1,423.45,3,0,0
1,1,1,403.71,3,0,0
1,1,1,412.88,3,0,0
1,1,1,358.58,3,0,0
1,1,1,347.32,3,0,0
1,1,1,499.36,3,0,0
1,1,1,472.68,4,0,0
1,1,1,385.49,4,0,0
1,1,1,431.95,4,0,0
1,1,1,342.85,4,0,0
1,1,1,396.1,4,0,0
1,1,1,399.34,4,0,0
1,1,1,386.42,4,0,0
1,1,1,406.38,4,0,0
1,1,1,418.41,4,0,0
1,1,1,353.61,4,0,0
1,1,1,429.42,4,0,0
1,1,1,387.2,4,0,0
1,1,1,450.14,4,0,0
1,1,1,386,4,0,0
1,1,1,371.35,4,0,0
1,1,1,380.97,4,0,0
1,1,1,372.53,4,0,0
1,1,1,414.66,4,0,0
1,1,1,391.8,4,0,0
1,1,1,434.1,4,0,0
1,1,1,413.9,4,0,0
1,1,1,350.37,4,0,0
1,1,1,425.36,4,0,0
1,1,1,444.94,4,0,0
1,1,1,435.06,4,0,0
1,1,1,449.05,4,0,0
1,1,1,391.51,4,0,0
1,1,1,544.37,4,0,0
1,1,1,402.85,4,0,0
1,1,1,402.45,4,0,0
1,1,1,403.59,4,0,0
1,1,1,358.45,4,0,0
1,1,1,412.41,4,0,0
1,1,1,369.95,4,0,0
1,1,1,412.61,4,0,0
1,1,1,381.25,4,0,0
1,1,1,402.36,4,0,0
1,1,1,520.7,4,0,0
1,1,1,541.8,4,0,0
1,1,1,423.36,4,0,0
1,1,1,402.74,4,0,0
1,1,1,362.51,4,0,0
1,1,1,368.86,4,0,0
1,1,1,390.37,4,0,0
1,1,1,370.84,4,0,0
1,1,1,358.31,4,0,0
1,1,1,413.48,4,0,0
1,1,1,411.89,4,0,0
1,1,1,347.76,4,0,0
1,1,1,380.41,4,0,0
1,1,1,381.71,4,0,0
1,1,1,368.96,4,0,0
1,1,1,358.52,4,0,0
1,1,1,469.22,4,0,0
1,1,1,412.44,4,0,0
1,1,1,391.62,4,0,0
1,1,1,423.28,4,0,0
1,1,1,422.2,4,0,0
1,1,1,382.13,4,0,0
1,1,1,391.08,4,0,0
1,1,1,423.66,4,0,0
1,1,1,553.3,4,0,0
1,1,1,467.1,4,0,0
1,1,1,393.38,4,0,0
1,1,1,521.08,4,0,0
1,1,1,337.03,4,0,0
1,1,1,359.35,4,0,0
1,1,1,404.97,4,0,0
1,1,1,401.82,4,0,0
1,1,1,553.75,4,0,0
1,1,1,403.75,4,0,0
1,1,1,391.39,4,0,0
1,1,1,382.61,4,0,0
1,1,1,380.02,4,0,0
1,1,1,337.22,4,0,0
1,1,1,455.11,4,0,0
1,1,1,422.7,4,0,0
1,1,1,434.46,4,0,0
1,1,1,358.12,4,0,0
1,1,1,361.44,4,0,0
1,1,1,391.54,4,0,0
1,1,1,402.01,4,0,0
1,1,1,434.05,4,0,0
1,1,1,422.99,4,0,0
1,1,1,425.52,4,0,0
1,1,1,411.67,4,0,0
1,1,1,359.65,4,0,0
1,1,1,390.49,4,0,0
1,1,1,379.92,4,0,0
1,1,1,336.12,4,0,0
1,1,1,358.26,4,0,0
1,1,1,390.07,4,0,0
1,1,1,411.39,4,0,0
1,1,1,386.52,5,0,0
1,1,1,429.67,5,0,0
1,1,1,394.42,5,0,0
1,1,1,329.4,5,0,0
1,1,1,391.19,5,0,0
1,1,1,348.93,5,0,0
1,1,1,368.21,5,0,0
1,1,1,422.55,5,0,0
1,1,1,358.91,5,0,0
1,1,1,379.64,5,0,0
1,1,1,335.6,5,0,0
1,1,1,338.36,5,0,0
1,1,1,401.61,5,0,0
1,1,1,413.92,5,0,0
1,1,1,422.78,5,0,0
1,1,1,422.61,5,0,0
1,1,1,390.62,5,0,0
1,1,1,379.2,5,0,0
1,1,1,379.84,5,0,0
1,1,1,455.34,5,0,0
1,1,1,489.32,5,0,0
1,1,1,433.45,5,0,0
1,1,1,433.95,5,0,0
1,1,1,410.58,5,0,0
1,1,1,554.02,5,0,0
1,1,1,466.91,5,0,0
1,1,1,445.68,5,0,0
1,1,1,412.4,5,0,0
1,1,1,433.46,5,0,0
1,1,1,358.77,5,0,0
1,1,1,424.86,5,0,0
1,1,1,553.34,5,0,0
1,1,1,388.99,5,0,0
1,1,1,401.19,5,0,0
1,1,1,367.66,5,0,0
1,1,1,400.32,5,0,0
1,1,1,390.16,5,0,0
1,1,1,422.17,5,0,0
1,1,1,381.51,5,0,0
1,1,1,434.09,5,0,0
1,1,1,444.65,5,0,0
1,1,1,411.2,5,0,0
1,1,1,389.44,5,0,0
1,1,1,357.23,5,0,0
1,1,1,389.42,5,0,0
1,1,1,358.05,5,0,0
1,1,1,369.71,5,0,0
1,1,1,409.54,5,0,0
1,1,1,423.85,5,0,0
1,1,1,356.85,5,0,0
1,1,1,443.15,5,0,0
1,1,1,388.84,5,0,0
1,1,1,400.35,5,0,0
1,1,1,496.73,5,0,0
1,1,1,508.16,5,0,0
1,1,1,519.5,5,0,0
1,1,1,367.75,5,0,0
1,1,1,400.4,5,0,0
1,1,1,443.67,5,0,0
1,1,1,380.52,5,0,0
1,1,1,356.99,5,0,0
1,1,1,357.53,5,0,0
1,1,1,379.51,5,0,0
1,1,1,381.09,5,0,0
1,1,1,382.13,5,0,0
1,1,1,390.96,5,0,0
1,1,1,412.6,5,0,0
1,1,1,379.45,5,0,0
1,1,1,433,5,0,0
1,1,1,467.83,5,0,0
1,1,1,488.8,5,0,0
1,1,1,390.97,5,0,0
1,1,1,379.51,5,0,0
1,1,1,433.49,5,0,0
1,1,1,423.16,5,0,0
1,1,1,379.35,5,0,0
1,1,1,414.27,5,0,0
1,1,1,434.37,5,0,0
1,1,1,424.46,5,0,0
1,1,1,434.8,5,0,0
1,1,1,413.6,5,0,0
1,1,1,357.22,5,0,0
1,1,1,432.54,5,0,0
1,1,1,400.26,5,0,0
1,1,1,379.3,5,0,0
1,1,1,345.97,5,0,0
1,1,1,367.66,5,0,0
1,1,1,389.26,5,0,0
1,1,1,357.29,5,0,0
1,1,1,381.61,5,0,0
2,4,1,708.56,2,1,0
2,4,1,568.58,2,1,0
2,4,1,631.63,2,1,0
2,4,1,437.74,2,1,0
2,4,1,469.19,2,1,0
2,4,1,586.54,2,1,0
2,4,1,377.79,2,1,0
2,4,1,368.02,2,1,0
2,4,1,462.99,2,1,0
2,4,1,441.81,2,1,0
2,4,1,464.96,2,1,0
2,4,1,368.02,2,1,0
2,4,1,573.27,2,1,0
2,4,1,562.95,2,1,0
2,4,1,497.01,2,1,0
2,4,1,463.88,2,1,0
2,4,1,447.1,2,1,0
2,4,1,487.65,2,1,0
2,4,1,655.3,2,1,0
2,4,1,530.02,2,1,0
2,4,1,487.28,2,1,0
2,4,1,388.95,2,1,0
2,4,1,517.59,2,1,0
2,4,1,431.52,2,1,0
2,4,1,377.17,2,1,0
2,4,1,378.43,2,1,0
2,4,1,431.37,2,1,0
2,4,1,549.59,2,1,0
2,4,1,681.35,2,1,0
2,4,1,506.75,2,1,0
2,4,1,464.54,2,1,0
2,4,1,453.15,2,1,0
2,4,1,429.81,2,1,0
2,4,1,559.87,2,1,0
2,4,1,613.06,2,1,0
2,4,1,419.91,2,1,0
2,4,1,645.58,2,1,0
2,4,1,398.51,2,1,0
2,4,1,398.91,2,1,0
2,4,1,376.69,2,1,0
2,4,1,463.92,2,1,0
2,4,1,355.33,2,1,0
2,4,1,517.83,2,1,0
2,4,1,488.13,2,1,0
2,4,1,395.06,2,1,0
2,4,1,383.52,2,1,0
2,4,1,498.39,2,1,0
2,4,1,359.19,2,1,0
2,4,1,358.65,2,1,0
2,4,1,564.33,2,1,0
2,4,1,390.91,2,1,0
2,4,1,466.5,2,1,0
2,4,1,445.15,2,1,0
2,4,1,553.34,2,1,0
2,4,1,424.02,2,1,0
2,4,1,423.6,2,1,0
2,4,1,326.76,2,1,0
2,4,1,369.09,2,1,0
2,4,1,447.18,2,1,0
2,4,1,391.44,2,1,0
2,4,1,533.25,2,1,0
2,4,1,423.49,2,1,0
2,4,1,575.53,2,1,0
2,4,1,436.16,2,1,0
2,4,1,501.51,2,1,0
2,4,1,499.71,2,1,0
2,4,1,608.56,2,1,0
2,4,1,434.08,2,1,0
2,4,1,413.06,2,1,0
2,4,1,664.77,2,1,0
2,4,1,510.58,2,1,0
2,4,1,423.58,2,1,0
2,4,1,706.18,2,1,0
2,4,1,447.03,2,1,0
2,4,1,434.87,2,1,0
2,4,1,588.25,2,1,0
2,4,1,413.36,2,1,0
2,4,1,586.73,2,1,0
2,4,1,629.49,2,1,0
2,4,1,467.54,2,1,0
2,4,1,349.06,2,1,0
2,4,1,316.45,2,1,0
2,4,1,424.53,2,1,0
2,4,1,499.55,2,1,0
2,4,1,434.67,2,1,0
2,4,1,433.78,2,1,0
2,4,1,360.67,2,1,0
2,4,1,347.87,2,1,0
2,4,1,425.88,2,1,0
2,4,1,402.83,2,1,0
2,4,1,434.53,2,1,0
2,4,1,513.24,3,1,0
2,4,1,546.48,3,1,0
2,4,1,732.98,3,1,0
2,4,1,491.45,3,1,0
2,4,1,662.35,3,1,0
2,4,1,438.4,3,1,0
2,4,1,406.91,3,1,0
2,4,1,473.48,3,1,0
2,4,1,526.37,3,1,0
2,4,1,429.75,3,1,0
2,4,1,481.95,3,1,0
2,4,1,452.98,3,1,0
2,4,1,410.57,3,1,0
2,4,1,596.11,3,1,0
2,4,1,401.17,3,1,0
2,4,1,412.42,3,1,0
2,4,1,368.07,3,1,0
2,4,1,423.66,3,1,0
2,4,1,522.89,3,1,0
2,4,1,430.2,3,1,0
2,4,1,510.19,3,1,0
2,4,1,641.22,3,1,0
2,4,1,434.92,3,1,0
2,4,1,450.9,3,1,0
2,4,1,422.94,3,1,0
2,4,1,525.59,3,1,0
2,4,1,433.63,3,1,0
2,4,1,403.18,3,1,0
2,4,1,434.18,3,1,0
2,4,1,416.07,3,1,0
2,4,1,445.15,3,1,0
2,4,1,499.71,3,1,0
2,4,1,616.62,3,1,0
2,4,1,443.69,3,1,0
2,4,1,401.43,3,1,0
2,4,1,325.54,3,1,0
2,4,1,390.61,3,1,0
2,4,1,399.62,3,1,0
2,4,1,379.03,3,1,0
2,4,1,411.37,3,1,0
2,4,1,326.13,3,1,0
2,4,1,348.48,3,1,0
2,4,1,560.59,3,1,0
2,4,1,445.21,3,1,0
2,4,1,347.7,3,1,0
2,4,1,433.2,3,1,0
2,4,1,455.68,3,1,0
2,4,1,478.19,3,1,0
2,4,1,412.12,3,1,0
2,4,1,424.87,3,1,0
2,4,1,640.19,3,1,0
2,4,1,551.82,3,1,0
2,4,1,402.12,3,1,0
2,4,1,414.3,3,1,0
2,4,1,433.45,3,1,0
2,4,1,402.43,3,1,0
2,4,1,445.8,3,1,0
2,4,1,433.95,3,1,0
2,4,1,520.17,3,1,0
2,4,1,390.09,3,1,0
2,4,1,380.32,3,1,0
2,4,1,521.06,3,1,0
2,4,1,379.65,3,1,0
2,4,1,411.98,3,1,0
2,4,1,390.91,3,1,0
2,4,1,413.8,3,1,0
2,4,1,391.44,3,1,0
2,4,1,684.79,3,1,0
2,4,1,433.95,3,1,0
2,4,1,489,3,1,0
2,4,1,412.72,3,1,0
2,4,1,424.34,3,1,0
2,4,1,522.97,3,1,0
2,4,1,369.13,3,1,0
2,4,1,337.33,3,1,0
2,4,1,445.28,3,1,0
2,4,1,458.94,3,1,0
2,4,1,586.38,3,1,0
2,4,1,532.87,3,1,0
2,4,1,434.17,3,1,0
2,4,1,434.29,3,1,0
2,4,1,379.5,3,1,0
2,4,1,434.51,3,1,0
2,4,1,444.56,3,1,0
2,4,1,391.2,3,1,0
2,4,1,391.16,3,1,0
2,4,1,597.28,3,1,0
2,4,1,433.59,3,1,0
2,4,1,423.4,3,1,0
2,4,1,422.8,3,1,0
2,4,1,414.18,3,1,0
2,4,1,434.17,3,1,0
2,4,1,423.78,3,1,0
2,4,1,504.12,4,1,0
2,4,1,401.08,4,1,0
2,4,1,427.94,4,1,0
2,4,1,406.71,4,1,0
2,4,1,428.81,4,1,0
2,4,1,385.54,4,1,0
2,4,1,535.3,4,1,0
2,4,1,365.02,4,1,0
2,4,1,577.5,4,1,0
2,4,1,396.44,4,1,0
2,4,1,366.27,4,1,0
2,4,1,407.64,4,1,0
2,4,1,428.61,4,1,0
2,4,1,385.13,4,1,0
2,4,1,382.96,4,1,0
2,4,1,390.69,4,1,0
2,4,1,434.54,4,1,0
2,4,1,479.94,4,1,0
2,4,1,576.78,4,1,0
2,4,1,446.96,4,1,0
2,4,1,445.84,4,1,0
2,4,1,413.94,4,1,0
2,4,1,382.35,4,1,0
2,4,1,458.88,4,1,0
2,4,1,434.23,4,1,0
2,4,1,424.88,4,1,0
2,4,1,434.58,4,1,0
2,4,1,521.4,4,1,0
2,4,1,433.84,4,1,0
2,4,1,337.06,4,1,0
2,4,1,369.83,4,1,0
2,4,1,423.4,4,1,0
2,4,1,391.01,4,1,0
2,4,1,415.06,4,1,0
2,4,1,596.75,4,1,0
2,4,1,477.07,4,1,0
2,4,1,445.62,4,1,0
2,4,1,414.76,4,1,0
2,4,1,425.82,4,1,0
2,4,1,369.93,4,1,0
2,4,1,670.7,4,1,0
2,4,1,445.12,4,1,0
2,4,1,382.6,4,1,0
2,4,1,434.34,4,1,0
2,4,1,423.69,4,1,0
2,4,1,607.32,4,1,0
2,4,1,433.51,4,1,0
2,4,1,369.81,4,1,0
2,4,1,574.23,4,1,0
2,4,1,422.37,4,1,0
2,4,1,423.52,4,1,0
2,4,1,381.47,4,1,0
2,4,1,401.16,4,1,0
2,4,1,487.96,4,1,0
2,4,1,401.72,4,1,0
2,4,1,381.31,4,1,0
2,4,1,447.3,4,1,0
2,4,1,574.71,4,1,0
2,4,1,664.11,4,1,0
2,4,1,542.86,4,1,0
2,4,1,544.54,4,1,0
2,4,1,554.75,4,1,0
2,4,1,444.21,4,1,0
2,4,1,361.91,4,1,0
2,4,1,390.58,4,1,0
2,4,1,412.68,4,1,0
2,4,1,347.84,4,1,0
2,4,1,391.13,4,1,0
2,4,1,401.31,4,1,0
2,4,1,412.11,4,1,0
2,4,1,684.86,4,1,0
2,4,1,447.22,4,1,0
2,4,1,391.23,4,1,0
2,4,1,597.11,4,1,0
2,4,1,488.26,4,1,0
2,4,1,434.29,4,1,0
2,4,1,466.98,4,1,0
2,4,1,444.89,4,1,0
2,4,1,401.66,4,1,0
2,4,1,412.7,4,1,0
2,4,1,380.52,4,1,0
2,4,1,423.1,4,1,0
2,4,1,488.42,4,1,0
2,4,1,402.34,4,1,0
2,4,1,391.44,4,1,0
2,4,1,412.22,4,1,0
2,4,1,522.29,4,1,0
2,4,1,390.22,4,1,0
2,4,1,629.62,4,1,0
2,4,1,396.87,4,1,0
2,4,1,381.73,4,1,0
2,4,1,380.49,4,1,0
2,4,1,358.08,4,1,0
2,4,1,438.53,5,1,0
2,4,1,428.41,5,1,0
2,4,1,372.9,5,1,0
2,4,1,395.04,5,1,0
2,4,1,606.42,5,1,0
2,4,1,418.78,5,1,0
2,4,1,362.82,5,1,0
2,4,1,414.96,5,1,0
2,4,1,362.61,5,1,0
2,4,1,382.45,5,1,0
2,4,1,468.47,5,1,0
2,4,1,402.69,5,1,0
2,4,1,391.06,5,1,0
2,4,1,521,5,1,0
2,4,1,412.49,5,1,0
2,4,1,382.37,5,1,0
2,4,1,410.74,5,1,0
2,4,1,433.27,5,1,0
2,4,1,585.28,5,1,0
2,4,1,444.25,5,1,0
2,4,1,433.73,5,1,0
2,4,1,575.1,5,1,0
2,4,1,447,5,1,0
2,4,1,426.18,5,1,0
2,4,1,556.53,5,1,0
2,4,1,422.49,5,1,0
2,4,1,411.76,5,1,0
2,4,1,347.26,5,1,0
2,4,1,446.86,5,1,0
2,4,1,422.7,5,1,0
2,4,1,380.45,5,1,0
2,4,1,390.47,5,1,0
2,4,1,465.19,5,1,0
2,4,1,500.23,5,1,0
2,4,1,422.69,5,1,0
2,4,1,454.51,5,1,0
2,4,1,486.78,5,1,0
2,4,1,433.43,5,1,0
2,4,1,391.85,5,1,0
2,4,1,368.66,5,1,0
2,4,1,421.28,5,1,0
2,4,1,432.95,5,1,0
2,4,1,432.7,5,1,0
2,4,1,413.51,5,1,0
2,4,1,414.38,5,1,0
2,4,1,347.12,5,1,0
2,4,1,432.99,5,1,0
2,4,1,411.27,5,1,0
2,4,1,380.46,5,1,0
2,4,1,411.05,5,1,0
2,4,1,421.11,5,1,0
2,4,1,379.09,5,1,0
2,4,1,357.35,5,1,0
2,4,1,379.15,5,1,0
2,4,1,410.85,5,1,0
2,4,1,434.92,5,1,0
2,4,1,411.08,5,1,0
2,4,1,627.25,5,1,0
2,4,1,541.49,5,1,0
2,4,1,410.89,5,1,0
2,4,1,390.38,5,1,0
2,4,1,399.98,5,1,0
2,4,1,389.77,5,1,0
2,4,1,370.26,5,1,0
2,4,1,390.46,5,1,0
2,4,1,368.72,5,1,0
2,4,1,574.38,5,1,0
2,4,1,422.6,5,1,0
2,4,1,413.28,5,1,0
2,4,1,475.75,5,1,0
2,4,1,432.97,5,1,0
2,4,1,434.16,5,1,0
2,4,1,434.23,5,1,0
2,4,1,411.99,5,1,0
2,4,1,400.84,5,1,0
2,4,1,390.13,5,1,0
2,4,1,423.04,5,1,0
2,4,1,465.15,5,1,0
2,4,1,433.21,5,1,0
2,4,1,411.11,5,1,0
2,4,1,454.88,5,1,0
2,4,1,412.9,5,1,0
2,4,1,734.14,5,1,0
2,4,1,639.71,5,1,0
2,4,1,616.6,5,1,0
2,4,1,422.41,5,1,0
2,4,1,443.14,5,1,0
2,4,1,413.24,5,1,0
2,4,1,378.07,5,1,0
2,4,1,411.39,5,1,0
2,4,1,421.31,5,1,0
2,4,1,553.87,5,1,0
3,2,1,631.45,2,0,1
3,2,1,509.39,2,0,1
3,2,1,578.65,2,0,1
3,2,1,460.02,2,0,1
3,2,1,438.99,2,0,1
3,2,1,441.97,2,0,1
3,2,1,452.75,2,0,1
3,2,1,463.83,2,0,1
3,2,1,604.86,2,0,1
3,2,1,347.09,2,0,1
3,2,1,389.94,2,0,1
3,2,1,584.21,2,0,1
3,2,1,378.8,2,0,1
3,2,1,454.13,2,0,1
3,2,1,432.58,2,0,1
3,2,1,509.52,2,0,1
3,2,1,616.29,2,0,1
3,2,1,570.79,2,0,1
3,2,1,672.04,2,0,1
3,2,1,604.91,2,0,1
3,2,1,474.79,2,0,1
3,2,1,345.05,2,0,1
3,2,1,452.25,2,0,1
3,2,1,462.21,2,0,1
3,2,1,463.82,2,0,1
3,2,1,585.31,2,0,1
3,2,1,464.39,2,0,1
3,2,1,398.49,2,0,1
3,2,1,550.65,2,0,1
3,2,1,530.16,2,0,1
3,2,1,453.37,2,0,1
3,2,1,441.86,2,0,1
3,2,1,421.84,2,0,1
3,2,1,397.56,2,0,1
3,2,1,452.33,2,0,1
3,2,1,580.66,2,0,1
3,2,1,484.61,2,0,1
3,2,1,593.53,2,0,1
3,2,1,442.63,2,0,1
3,2,1,410.42,2,0,1
3,2,1,432.97,2,0,1
3,2,1,409.71,2,0,1
3,2,1,390.4,2,0,1
3,2,1,455,2,0,1
3,2,1,359.29,2,0,1
3,2,1,379.8,2,0,1
3,2,1,358.6,2,0,1
3,2,1,380.39,2,0,1
3,2,1,340.17,2,0,1
3,2,1,511.36,2,0,1
3,2,1,436.16,2,0,1
3,2,1,373.63,2,0,1
3,2,1,455.78,2,0,1
3,2,1,542.87,2,0,1
3,2,1,501.49,2,0,1
3,2,1,337.48,2,0,1
3,2,1,358.64,2,0,1
3,2,1,434.8,2,0,1
3,2,1,434.56,2,0,1
3,2,1,413.13,2,0,1
3,2,1,435.44,2,0,1
3,2,1,457.09,2,0,1
3,2,1,447.59,2,0,1
3,2,1,526.25,2,0,1
3,2,1,424.64,2,0,1
3,2,1,421.47,2,0,1
3,2,1,434.05,2,0,1
3,2,1,523.33,2,0,1
3,2,1,413.15,2,0,1
3,2,1,402.6,2,0,1
3,2,1,391.64,2,0,1
3,2,1,414.57,2,0,1
3,2,1,445.3,2,0,1
3,2,1,489.55,2,0,1
3,2,1,629.54,2,0,1
3,2,1,445.62,2,0,1
3,2,1,445.28,2,0,1
3,2,1,489.39,2,0,1
3,2,1,412.38,2,0,1
3,2,1,457.01,2,0,1
3,2,1,444.73,2,0,1
3,2,1,434.68,2,0,1
3,2,1,413.63,2,0,1
3,2,1,434.79,2,0,1
3,2,1,490.49,2,0,1
3,2,1,470.32,2,0,1
3,2,1,467.8,2,0,1
3,2,1,521.2,2,0,1
3,2,1,391.83,2,0,1
3,2,1,423.28,2,0,1
3,2,1,413.46,2,0,1
3,2,1,688.03,3,0,1
3,2,1,405.07,3,0,1
3,2,1,480.52,3,0,1
3,2,1,539.2,3,0,1
3,2,1,399.66,3,0,1
3,2,1,387.16,3,0,1
3,2,1,386,3,0,1
3,2,1,407.24,3,0,1
3,2,1,592.75,3,0,1
3,2,1,432.71,3,0,1
3,2,1,398.74,3,0,1
3,2,1,399.28,3,0,1
3,2,1,561.38,3,0,1
3,2,1,433.65,3,0,1
3,2,1,367.78,3,0,1
3,2,1,433.38,3,0,1
3,2,1,466.54,3,0,1
3,2,1,378.74,3,0,1
3,2,1,391.57,3,0,1
3,2,1,445.25,3,0,1
3,2,1,400.67,3,0,1
3,2,1,379,3,0,1
3,2,1,412.35,3,0,1
3,2,1,432.7,3,0,1
3,2,1,555.63,3,0,1
3,2,1,391.07,3,0,1
3,2,1,510.94,3,0,1
3,2,1,435.21,3,0,1
3,2,1,422,3,0,1
3,2,1,421.83,3,0,1
3,2,1,424,3,0,1
3,2,1,413.37,3,0,1
3,2,1,551.58,3,0,1
3,2,1,521.49,3,0,1
3,2,1,448.23,3,0,1
3,2,1,466.89,3,0,1
3,2,1,434.41,3,0,1
3,2,1,380.28,3,0,1
3,2,1,426.26,3,0,1
3,2,1,433.23,3,0,1
3,2,1,433.96,3,0,1
3,2,1,445.05,3,0,1
3,2,1,411.8,3,0,1
3,2,1,371.1,3,0,1
3,2,1,379.69,3,0,1
3,2,1,434.79,3,0,1
3,2,1,433.31,3,0,1
3,2,1,380.09,3,0,1
3,2,1,402.34,3,0,1
3,2,1,369.3,3,0,1
3,2,1,423.5,3,0,1
3,2,1,413.43,3,0,1
3,2,1,445.73,3,0,1
3,2,1,360.03,3,0,1
3,2,1,467.56,3,0,1
3,2,1,434.43,3,0,1
3,2,1,434.05,3,0,1
3,2,1,511.68,3,0,1
3,2,1,414.21,3,0,1
3,2,1,619.45,3,0,1
3,2,1,524.38,3,0,1
3,2,1,422.73,3,0,1
3,2,1,412.94,3,0,1
3,2,1,398.34,3,0,1
3,2,1,357.14,3,0,1
3,2,1,444.27,3,0,1
3,2,1,347.88,3,0,1
3,2,1,413.51,3,0,1
3,2,1,414.86,3,0,1
3,2,1,422.53,3,0,1
3,2,1,413.88,3,0,1
3,2,1,411.95,3,0,1
3,2,1,391.76,3,0,1
3,2,1,411.84,3,0,1
3,2,1,390.48,3,0,1
3,2,1,380.25,3,0,1
3,2,1,423.6,3,0,1
3,2,1,382.74,3,0,1
3,2,1,390.52,3,0,1
3,2,1,380.23,3,0,1
3,2,1,434.09,3,0,1
3,2,1,391.39,3,0,1
3,2,1,544.22,3,0,1
3,2,1,434.66,3,0,1
3,2,1,403.86,3,0,1
3,2,1,532.74,3,0,1
3,2,1,350.06,3,0,1
3,2,1,445.36,3,0,1
3,2,1,380.12,3,0,1
3,2,1,389.95,3,0,1
3,2,1,413.24,4,0,1
3,2,1,385.34,4,0,1
3,2,1,407.38,4,0,1
3,2,1,407.21,4,0,1
3,2,1,417.81,4,0,1
3,2,1,460.65,4,0,1
3,2,1,514.09,4,0,1
3,2,1,376.13,4,0,1
3,2,1,461.51,4,0,1
3,2,1,525.42,4,0,1
3,2,1,414.95,4,0,1
3,2,1,359.11,4,0,1
3,2,1,446.13,4,0,1
3,2,1,424.51,4,0,1
3,2,1,391.29,4,0,1
3,2,1,543.6,4,0,1
3,2,1,456.56,4,0,1
3,2,1,381.65,4,0,1
3,2,1,424.56,4,0,1
3,2,1,445.49,4,0,1
3,2,1,446.85,4,0,1
3,2,1,459.01,4,0,1
3,2,1,379.91,4,0,1
3,2,1,447.92,4,0,1
3,2,1,478.65,4,0,1
3,2,1,441.36,4,0,1
3,2,1,380.78,4,0,1
3,2,1,380.8,4,0,1
3,2,1,369.17,4,0,1
3,2,1,358.37,4,0,1
3,2,1,488.92,4,0,1
3,2,1,391.37,4,0,1
3,2,1,357.87,4,0,1
3,2,1,467.4,4,0,1
3,2,1,335.62,4,0,1
3,2,1,411.92,4,0,1
3,2,1,412.43,4,0,1
3,2,1,422.34,4,0,1
3,2,1,444.58,4,0,1
3,2,1,446.14,4,0,1
3,2,1,401.7,4,0,1
3,2,1,389.64,4,0,1
3,2,1,434.79,4,0,1
3,2,1,433.7,4,0,1
3,2,1,423.24,4,0,1
3,2,1,444.87,4,0,1
3,2,1,379.55,4,0,1
3,2,1,444.96,4,0,1
3,2,1,326.6,4,0,1
3,2,1,338.75,4,0,1
3,2,1,401.51,4,0,1
3,2,1,412.47,4,0,1
3,2,1,433.13,4,0,1
3,2,1,555.12,4,0,1
3,2,1,401.28,4,0,1
3,2,1,544.48,4,0,1
3,2,1,440.31,4,0,1
3,2,1,499.13,4,0,1
3,2,1,401.51,4,0,1
3,2,1,477.81,4,0,1
3,2,1,370.76,4,0,1
3,2,1,434.92,4,0,1
3,2,1,413.48,4,0,1
3,2,1,390.83,4,0,1
3,2,1,412.17,4,0,1
3,2,1,390.78,4,0,1
3,2,1,401.27,4,0,1
3,2,1,401.36,4,0,1
3,2,1,414.19,4,0,1
3,2,1,531.66,4,0,1
3,2,1,446.15,4,0,1
3,2,1,423.41,4,0,1
3,2,1,412.07,4,0,1
3,2,1,381.94,4,0,1
3,2,1,467.58,4,0,1
3,2,1,412.1,4,0,1
3,2,1,445.91,4,0,1
3,2,1,392.6,4,0,1
3,2,1,347.86,4,0,1
3,2,1,358.1,4,0,1
3,2,1,368.83,4,0,1
3,2,1,433.84,4,0,1
3,2,1,409.75,4,0,1
3,2,1,425.59,4,0,1
3,2,1,434.31,4,0,1
3,2,1,382.46,4,0,1
3,2,1,444.58,4,0,1
3,2,1,414.55,4,0,1
3,2,1,412.44,4,0,1
3,2,1,466.01,4,0,1
3,2,1,523.8,5,0,1
3,2,1,436.63,5,0,1
3,2,1,377.34,5,0,1
3,2,1,469.4,5,0,1
3,2,1,426.61,5,0,1
3,2,1,487.54,5,0,1
3,2,1,541.56,5,0,1
3,2,1,586.79,5,0,1
3,2,1,384.31,5,0,1
3,2,1,329.71,5,0,1
3,2,1,424.63,5,0,1
3,2,1,347.77,5,0,1
3,2,1,370.19,5,0,1
3,2,1,401.4,5,0,1
3,2,1,446.64,5,0,1
3,2,1,336.17,5,0,1
3,2,1,392.29,5,0,1
3,2,1,422.06,5,0,1
3,2,1,585.6,5,0,1
3,2,1,488.98,5,0,1
3,2,1,434.43,5,0,1
3,2,1,480.36,5,0,1
3,2,1,523.45,5,0,1
3,2,1,445.99,5,0,1
3,2,1,413.51,5,0,1
3,2,1,487.53,5,0,1
3,2,1,465.77,5,0,1
3,2,1,624.94,5,0,1
3,2,1,392.4,5,0,1
3,2,1,434.75,5,0,1
3,2,1,391.74,5,0,1
3,2,1,378.02,5,0,1
3,2,1,381.48,5,0,1
3,2,1,403.45,5,0,1
3,2,1,411.4,5,0,1
3,2,1,421.95,5,0,1
3,2,1,378.82,5,0,1
3,2,1,368.96,5,0,1
3,2,1,443.85,5,0,1
3,2,1,556.29,5,0,1
3,2,1,424.16,5,0,1
3,2,1,357.54,5,0,1
3,2,1,378.73,5,0,1
3,2,1,422.1,5,0,1
3,2,1,367.93,5,0,1
3,2,1,478.62,5,0,1
3,2,1,421.16,5,0,1
3,2,1,324.62,5,0,1
3,2,1,434.02,5,0,1
3,2,1,410.93,5,0,1
3,2,1,378.53,5,0,1
3,2,1,542.15,5,0,1
3,2,1,486.87,5,0,1
3,2,1,432.56,5,0,1
3,2,1,379.65,5,0,1
3,2,1,556.05,5,0,1
3,2,1,485.7,5,0,1
3,2,1,464.72,5,0,1
3,2,1,445.28,5,0,1
3,2,1,379.14,5,0,1
3,2,1,432.29,5,0,1
3,2,1,422.85,5,0,1
3,2,1,434.91,5,0,1
3,2,1,389.54,5,0,1
3,2,1,414.03,5,0,1
3,2,1,401.77,5,0,1
3,2,1,465.28,5,0,1
3,2,1,466.13,5,0,1
3,2,1,379.91,5,0,1
3,2,1,444.89,5,0,1
3,2,1,543.57,5,0,1
3,2,1,412.5,5,0,1
3,2,1,422.27,5,0,1
3,2,1,423.13,5,0,1
3,2,1,532.38,5,0,1
3,2,1,422.43,5,0,1
3,2,1,402.89,5,0,1
3,2,1,401.09,5,0,1
3,2,1,410.87,5,0,1
3,2,1,467.18,5,0,1
3,2,1,444.64,5,0,1
3,2,1,411.2,5,0,1
3,2,1,433.5,5,0,1
3,2,1,378.85,5,0,1
3,2,1,432.32,5,0,1
3,2,1,368.07,5,0,1
3,2,1,422.3,5,0,1
3,2,1,359.05,5,0,1
3,2,1,411.63,5,0,1
3,2,1,529.47,5,0,1
3,2,1,434.51,5,0,1
3,2,1,410.82,5,0,1
4,5,1,891.37,2,1,1
4,5,1,813.98,2,1,1
4,5,1,930.81,2,1,1
4,5,1,994.1,2,1,1
4,5,1,568.63,2,1,1
4,5,1,628.05,2,1,1
4,5,1,427.54,2,1,1
4,5,1,431.73,2,1,1
4,5,1,851.63,2,1,1
4,5,1,582.83,2,1,1
4,5,1,575.78,2,1,1
4,5,1,475.21,2,1,1
4,5,1,994.53,2,1,1
4,5,1,888.16,2,1,1
4,5,1,802.71,2,1,1
4,5,1,637.59,2,1,1
4,5,1,517.26,2,1,1
4,5,1,539.05,2,1,1
4,5,1,785.76,2,1,1
4,5,1,1000.7,2,1,1
4,5,1,552.18,2,1,1
4,5,1,764.91,2,1,1
4,5,1,508.52,2,1,1
4,5,1,573.18,2,1,1
4,5,1,820.39,2,1,1
4,5,1,690.82,2,1,1
4,5,1,571.08,2,1,1
4,5,1,485.18,2,1,1
4,5,1,408.27,2,1,1
4,5,1,495.76,2,1,1
4,5,1,786.74,2,1,1
4,5,1,549.13,2,1,1
4,5,1,379.34,2,1,1
4,5,1,731.39,2,1,1
4,5,1,441.44,2,1,1
4,5,1,443.54,2,1,1
4,5,1,463.07,2,1,1
4,5,1,398.72,2,1,1
4,5,1,571.6,2,1,1
4,5,1,497.21,2,1,1
4,5,1,444.52,2,1,1
4,5,1,625.66,2,1,1
4,5,1,487.77,2,1,1
4,5,1,490.26,2,1,1
4,5,1,542.14,2,1,1
4,5,1,584.69,2,1,1
4,5,1,543.28,2,1,1
4,5,1,522.89,2,1,1
4,5,1,457.02,2,1,1
4,5,1,451.85,2,1,1
4,5,1,628.64,2,1,1
4,5,1,530.99,2,1,1
4,5,1,403.04,2,1,1
4,5,1,457.12,2,1,1
4,5,1,565.53,2,1,1
4,5,1,433.83,2,1,1
4,5,1,705.13,2,1,1
4,5,1,424.16,2,1,1
4,5,1,585,2,1,1
4,5,1,653.17,2,1,1
4,5,1,458.27,2,1,1
4,5,1,455.69,2,1,1
4,5,1,554.36,2,1,1
4,5,1,868.58,2,1,1
4,5,1,477.01,2,1,1
4,5,1,556.54,2,1,1
4,5,1,488.66,2,1,1
4,5,1,489.61,2,1,1
4,5,1,614.1,2,1,1
4,5,1,554.65,2,1,1
4,5,1,694.61,2,1,1
4,5,1,436.8,2,1,1
4,5,1,424.32,2,1,1
4,5,1,545.09,2,1,1
4,5,1,403.18,2,1,1
4,5,1,435.55,2,1,1
4,5,1,521.43,2,1,1
4,5,1,435.37,2,1,1
4,5,1,414.61,2,1,1
4,5,1,458.09,2,1,1
4,5,1,600.06,2,1,1
4,5,1,413.39,2,1,1
4,5,1,543,2,1,1
4,5,1,459.01,2,1,1
4,5,1,467.22,2,1,1
4,5,1,900.03,3,1,1
4,5,1,524.07,3,1,1
4,5,1,753.01,3,1,1
4,5,1,843.88,3,1,1
4,5,1,951.39,3,1,1
4,5,1,517.32,3,1,1
4,5,1,462.02,3,1,1
4,5,1,505.6,3,1,1
4,5,1,469.44,3,1,1
4,5,1,684.59,3,1,1
4,5,1,515.32,3,1,1
4,5,1,428.89,3,1,1
4,5,1,442.59,3,1,1
4,5,1,493.32,3,1,1
4,5,1,467.45,3,1,1
4,5,1,335.9,3,1,1
4,5,1,595.29,3,1,1
4,5,1,468.92,3,1,1
4,5,1,974.87,3,1,1
4,5,1,607.28,3,1,1
4,5,1,531.24,3,1,1
4,5,1,659.68,3,1,1
4,5,1,578.11,3,1,1
4,5,1,617.4,3,1,1
4,5,1,455.98,3,1,1
4,5,1,466.85,3,1,1
4,5,1,863.76,3,1,1
4,5,1,528.91,3,1,1
4,5,1,683.67,3,1,1
4,5,1,573.31,3,1,1
4,5,1,466.04,3,1,1
4,5,1,400.66,3,1,1
4,5,1,611.53,3,1,1
4,5,1,432.77,3,1,1
4,5,1,433.42,3,1,1
4,5,1,421.68,3,1,1
4,5,1,509.06,3,1,1
4,5,1,445.47,3,1,1
4,5,1,455.4,3,1,1
4,5,1,443.83,3,1,1
4,5,1,455.62,3,1,1
4,5,1,508.51,3,1,1
4,5,1,510.3,3,1,1
4,5,1,542.25,3,1,1
4,5,1,607.49,3,1,1
4,5,1,588.02,3,1,1
4,5,1,414.64,3,1,1
4,5,1,479.28,3,1,1
4,5,1,423.09,3,1,1
4,5,1,551.86,3,1,1
4,5,1,597.38,3,1,1
4,5,1,456.68,3,1,1
4,5,1,498.44,3,1,1
4,5,1,762.93,3,1,1
4,5,1,476.69,3,1,1
4,5,1,393.21,3,1,1
4,5,1,563.53,3,1,1
4,5,1,565.21,3,1,1
4,5,1,445.54,3,1,1
4,5,1,457.89,3,1,1
4,5,1,369.39,3,1,1
4,5,1,436.61,3,1,1
4,5,1,596.21,3,1,1
4,5,1,555,3,1,1
4,5,1,537.69,3,1,1
4,5,1,435.04,3,1,1
4,5,1,423.28,3,1,1
4,5,1,405.68,3,1,1
4,5,1,489.4,3,1,1
4,5,1,531.75,3,1,1
4,5,1,650.41,3,1,1
4,5,1,487.72,3,1,1
4,5,1,415.09,3,1,1
4,5,1,662.8,3,1,1
4,5,1,390.66,3,1,1
4,5,1,466.44,3,1,1
4,5,1,477.83,3,1,1
4,5,1,845.13,3,1,1
4,5,1,445.13,3,1,1
4,5,1,826.19,3,1,1
4,5,1,458.04,3,1,1
4,5,1,496.66,3,1,1
4,5,1,586.09,3,1,1
4,5,1,630,3,1,1
4,5,1,520.33,3,1,1
4,5,1,814.91,3,1,1
4,5,1,522.53,3,1,1
4,5,1,513.71,4,1,1
4,5,1,429.26,4,1,1
4,5,1,569.48,4,1,1
4,5,1,503.4,4,1,1
4,5,1,558.07,4,1,1
4,5,1,408.75,4,1,1
4,5,1,674.26,4,1,1
4,5,1,514.15,4,1,1
4,5,1,396.74,4,1,1
4,5,1,410.15,4,1,1
4,5,1,449.58,4,1,1
4,5,1,609,4,1,1
4,5,1,500.98,4,1,1
4,5,1,599.58,4,1,1
4,5,1,445.42,4,1,1
4,5,1,575.91,4,1,1
4,5,1,510.44,4,1,1
4,5,1,524.86,4,1,1
4,5,1,532.72,4,1,1
4,5,1,654.8,4,1,1
4,5,1,458.93,4,1,1
4,5,1,579.65,4,1,1
4,5,1,471.31,4,1,1
4,5,1,380.42,4,1,1
4,5,1,554.44,4,1,1
4,5,1,631.59,4,1,1
4,5,1,564.8,4,1,1
4,5,1,459.11,4,1,1
4,5,1,488.45,4,1,1
4,5,1,459.15,4,1,1
4,5,1,523.99,4,1,1
4,5,1,433.97,4,1,1
4,5,1,543.22,4,1,1
4,5,1,564.32,4,1,1
4,5,1,834.82,4,1,1
4,5,1,586.48,4,1,1
4,5,1,500.57,4,1,1
4,5,1,531.48,4,1,1
4,5,1,391.84,4,1,1
4,5,1,380.68,4,1,1
4,5,1,436.53,4,1,1
4,5,1,380.42,4,1,1
4,5,1,443.55,4,1,1
4,5,1,468.23,4,1,1
4,5,1,424.6,4,1,1
4,5,1,596.75,4,1,1
4,5,1,434.8,4,1,1
4,5,1,541.43,4,1,1
4,5,1,466.86,4,1,1
4,5,1,368.3,4,1,1
4,5,1,382.11,4,1,1
4,5,1,509.95,4,1,1
4,5,1,357.81,4,1,1
4,5,1,900.65,4,1,1
4,5,1,466.54,4,1,1
4,5,1,757.9,4,1,1
4,5,1,543.31,4,1,1
4,5,1,501.1,4,1,1
4,5,1,435.08,4,1,1
4,5,1,446.11,4,1,1
4,5,1,434.55,4,1,1
4,5,1,512.49,4,1,1
4,5,1,823.26,4,1,1
4,5,1,391.97,4,1,1
4,5,1,543.25,4,1,1
4,5,1,348.49,4,1,1
4,5,1,553.3,4,1,1
4,5,1,639.79,4,1,1
4,5,1,574.47,4,1,1
4,5,1,522.4,4,1,1
4,5,1,519.86,4,1,1
4,5,1,412.4,4,1,1
4,5,1,573.38,4,1,1
4,5,1,358.55,4,1,1
4,5,1,704.92,4,1,1
4,5,1,542.8,4,1,1
4,5,1,575.34,4,1,1
4,5,1,445.71,4,1,1
4,5,1,466.12,4,1,1
4,5,1,447.95,4,1,1
4,5,1,585.35,4,1,1
4,5,1,371.37,4,1,1
4,5,1,390.53,4,1,1
4,5,1,544.44,4,1,1
4,5,1,487.95,4,1,1
4,5,1,663.54,4,1,1
4,5,1,446.67,4,1,1
4,5,1,445.02,4,1,1
4,5,1,477.05,4,1,1
4,5,1,435.48,4,1,1
4,5,1,445.74,4,1,1
4,5,1,466.44,4,1,1
4,5,1,834.09,5,1,1
4,5,1,696.46,5,1,1
4,5,1,396.1,5,1,1
4,5,1,599.67,5,1,1
4,5,1,425.8,5,1,1
4,5,1,372.24,5,1,1
4,5,1,382.97,5,1,1
4,5,1,371.93,5,1,1
4,5,1,372.72,5,1,1
4,5,1,414.49,5,1,1
4,5,1,478.97,5,1,1
4,5,1,422.85,5,1,1
4,5,1,616.79,5,1,1
4,5,1,382.28,5,1,1
4,5,1,509.96,5,1,1
4,5,1,523.77,5,1,1
4,5,1,390.25,5,1,1
4,5,1,541.54,5,1,1
4,5,1,477.25,5,1,1
4,5,1,445.97,5,1,1
4,5,1,651.31,5,1,1
4,5,1,488.64,5,1,1
4,5,1,922.63,5,1,1
4,5,1,521.91,5,1,1
4,5,1,574.23,5,1,1
4,5,1,520.45,5,1,1
4,5,1,422.21,5,1,1
4,5,1,465.58,5,1,1
4,5,1,411.85,5,1,1
4,5,1,583.35,5,1,1
4,5,1,713.91,5,1,1
4,5,1,379.33,5,1,1
4,5,1,402.06,5,1,1
4,5,1,564.04,5,1,1
4,5,1,433.32,5,1,1
4,5,1,637.65,5,1,1
4,5,1,577.17,5,1,1
4,5,1,401.52,5,1,1
4,5,1,510.19,5,1,1
4,5,1,389.08,5,1,1
4,5,1,519.78,5,1,1
4,5,1,410.88,5,1,1
4,5,1,412.25,5,1,1
4,5,1,551.05,5,1,1
4,5,1,443.81,5,1,1
4,5,1,433.09,5,1,1
4,5,1,369.45,5,1,1
4,5,1,555.13,5,1,1
4,5,1,433.15,5,1,1
4,5,1,457.43,5,1,1
4,5,1,627.94,5,1,1
4,5,1,604.19,5,1,1
4,5,1,489.04,5,1,1
4,5,1,681.23,5,1,1
4,5,1,650.15,5,1,1
4,5,1,433.94,5,1,1
4,5,1,410.84,5,1,1
4,5,1,442.94,5,1,1
4,5,1,554.49,5,1,1
4,5,1,574.62,5,1,1
4,5,1,584.92,5,1,1
4,5,1,401.76,5,1,1
4,5,1,497.89,5,1,1
4,5,1,541.78,5,1,1
4,5,1,433.74,5,1,1
4,5,1,476.34,5,1,1
4,5,1,553.5,5,1,1
4,5,1,466.08,5,1,1
4,5,1,379.86,5,1,1
4,5,1,400.71,5,1,1
4,5,1,695.87,5,1,1
4,5,1,488.86,5,1,1
4,5,1,628.85,5,1,1
4,5,1,476.8,5,1,1
4,5,1,541.43,5,1,1
4,5,1,413.13,5,1,1
4,5,1,413.44,5,1,1
4,5,1,564.29,5,1,1
4,5,1,520.5,5,1,1
4,5,1,651.36,5,1,1
4,5,1,488.29,5,1,1
4,5,1,412.46,5,1,1
4,5,1,512.89,5,1,1
4,5,1,553.3,5,1,1
4,5,1,552.38,5,1,1
4,5,1,425.02,5,1,1
4,5,1,445.64,5,1,1
4,5,1,436.74,5,1,1
4,5,1,378.69,5,1,1
4,5,1,496.89,5,1,1
5,7,1,514.14,2,NaN,NaN
5,7,1,386.27,2,NaN,NaN
5,7,1,502.35,2,NaN,NaN
5,7,1,447.32,2,NaN,NaN
5,7,1,524.57,2,NaN,NaN
5,7,1,566.34,2,NaN,NaN
5,7,1,481.36,2,NaN,NaN
5,7,1,458.54,2,NaN,NaN
5,7,1,526.4,2,NaN,NaN
5,7,1,464.72,2,NaN,NaN
5,7,1,496.22,2,NaN,NaN
5,7,1,365.99,2,NaN,NaN
5,7,1,594.86,2,NaN,NaN
5,7,1,412.17,2,NaN,NaN
5,7,1,465.01,2,NaN,NaN
5,7,1,389.81,2,NaN,NaN
5,7,1,434.35,2,NaN,NaN
5,7,1,550.97,2,NaN,NaN
5,7,1,432.82,2,NaN,NaN
5,7,1,689.71,2,NaN,NaN
5,7,1,400.37,2,NaN,NaN
5,7,1,387.28,2,NaN,NaN
5,7,1,344.81,2,NaN,NaN
5,7,1,366.47,2,NaN,NaN
5,7,1,355.57,2,NaN,NaN
5,7,1,334.5,2,NaN,NaN
5,7,1,463.79,2,NaN,NaN
5,7,1,538.35,2,NaN,NaN
5,7,1,388.28,2,NaN,NaN
5,7,1,357.06,2,NaN,NaN
5,7,1,581.07,2,NaN,NaN
5,7,1,516.56,2,NaN,NaN
5,7,1,355.4,2,NaN,NaN
5,7,1,366.32,2,NaN,NaN
5,7,1,657.13,2,NaN,NaN
5,7,1,409.9,2,NaN,NaN
5,7,1,398.76,2,NaN,NaN
5,7,1,419.7,2,NaN,NaN
5,7,1,431.76,2,NaN,NaN
5,7,1,506.38,2,NaN,NaN
5,7,1,551.94,2,NaN,NaN
5,7,1,451.96,2,NaN,NaN
5,7,1,529.21,2,NaN,NaN
5,7,1,410.6,2,NaN,NaN
5,7,1,414.55,2,NaN,NaN
5,7,1,479.73,2,NaN,NaN
5,7,1,347.5,2,NaN,NaN
5,7,1,412.66,2,NaN,NaN
5,7,1,337.05,2,NaN,NaN
5,7,1,574.99,2,NaN,NaN
5,7,1,498,2,NaN,NaN
5,7,1,379.96,2,NaN,NaN
5,7,1,379.75,2,NaN,NaN
5,7,1,502.29,2,NaN,NaN
5,7,1,445.13,2,NaN,NaN
5,7,1,433.45,2,NaN,NaN
5,7,1,466.84,2,NaN,NaN
5,7,1,403.04,2,NaN,NaN
5,7,1,413.73,2,NaN,NaN
5,7,1,598.93,2,NaN,NaN
5,7,1,392.26,2,NaN,NaN
5,7,1,657.1,2,NaN,NaN
5,7,1,587.45,2,NaN,NaN
5,7,1,552.6,2,NaN,NaN
5,7,1,423.89,2,NaN,NaN
5,7,1,380.57,2,NaN,NaN
5,7,1,532.59,2,NaN,NaN
5,7,1,413.86,2,NaN,NaN
5,7,1,347.74,2,NaN,NaN
5,7,1,476.51,2,NaN,NaN
5,7,1,555.79,2,NaN,NaN
5,7,1,381.42,2,NaN,NaN
5,7,1,492.45,2,NaN,NaN
5,7,1,522.37,2,NaN,NaN
5,7,1,424.25,2,NaN,NaN
5,7,1,412.83,2,NaN,NaN
5,7,1,349.19,2,NaN,NaN
5,7,1,542.72,2,NaN,NaN
5,7,1,683.83,2,NaN,NaN
5,7,1,392.02,2,NaN,NaN
5,7,1,423.27,2,NaN,NaN
5,7,1,326.47,2,NaN,NaN
5,7,1,413.37,2,NaN,NaN
5,7,1,423.43,2,NaN,NaN
5,7,1,478.9,2,NaN,NaN
5,7,1,522.13,2,NaN,NaN
5,7,1,488.67,2,NaN,NaN
5,7,1,500.04,2,NaN,NaN
5,7,1,415.11,2,NaN,NaN
5,7,1,751,2,NaN,NaN
5,7,1,738.7,2,NaN,NaN
5,7,1,762.82,3,NaN,NaN
5,7,1,604.1,3,NaN,NaN
5,7,1,374.79,3,NaN,NaN
5,7,1,544,3,NaN,NaN
5,7,1,437.73,3,NaN,NaN
5,7,1,567.27,3,NaN,NaN
5,7,1,557.88,3,NaN,NaN
5,7,1,515.28,3,NaN,NaN
5,7,1,365.33,3,NaN,NaN
5,7,1,558.64,3,NaN,NaN
5,7,1,376,3,NaN,NaN
5,7,1,439.58,3,NaN,NaN
5,7,1,397.46,3,NaN,NaN
5,7,1,538.69,3,NaN,NaN
5,7,1,389.36,3,NaN,NaN
5,7,1,603.47,3,NaN,NaN
5,7,1,401.75,3,NaN,NaN
5,7,1,368.72,3,NaN,NaN
5,7,1,540.69,3,NaN,NaN
5,7,1,487.88,3,NaN,NaN
5,7,1,639.67,3,NaN,NaN
5,7,1,424.85,3,NaN,NaN
5,7,1,467.65,3,NaN,NaN
5,7,1,696.17,3,NaN,NaN
5,7,1,378.76,3,NaN,NaN
5,7,1,595.35,3,NaN,NaN
5,7,1,390.52,3,NaN,NaN
5,7,1,478.86,3,NaN,NaN
5,7,1,421.63,3,NaN,NaN
5,7,1,563.84,3,NaN,NaN
5,7,1,443.54,3,NaN,NaN
5,7,1,606.07,3,NaN,NaN
5,7,1,381.37,3,NaN,NaN
5,7,1,501.11,3,NaN,NaN
5,7,1,423.74,3,NaN,NaN
5,7,1,466.22,3,NaN,NaN
5,7,1,446.99,3,NaN,NaN
5,7,1,380.69,3,NaN,NaN
5,7,1,413.79,3,NaN,NaN
5,7,1,369.19,3,NaN,NaN
5,7,1,466.61,3,NaN,NaN
5,7,1,403.79,3,NaN,NaN
5,7,1,500.76,3,NaN,NaN
5,7,1,510.01,3,NaN,NaN
5,7,1,382.87,3,NaN,NaN
5,7,1,542.72,3,NaN,NaN
5,7,1,468.92,3,NaN,NaN
5,7,1,405.79,3,NaN,NaN
5,7,1,303.65,3,NaN,NaN
5,7,1,588.6,3,NaN,NaN
5,7,1,499.27,3,NaN,NaN
5,7,1,422.3,3,NaN,NaN
5,7,1,358.36,3,NaN,NaN
5,7,1,433.93,3,NaN,NaN
5,7,1,412.15,3,NaN,NaN
5,7,1,731.67,3,NaN,NaN
5,7,1,435.3,3,NaN,NaN
5,7,1,444.3,3,NaN,NaN
5,7,1,598.2,3,NaN,NaN
5,7,1,434,3,NaN,NaN
5,7,1,380.07,3,NaN,NaN
5,7,1,458.06,3,NaN,NaN
5,7,1,401.6,3,NaN,NaN
5,7,1,401.9,3,NaN,NaN
5,7,1,575.91,3,NaN,NaN
5,7,1,390.42,3,NaN,NaN
5,7,1,466.76,3,NaN,NaN
5,7,1,401.91,3,NaN,NaN
5,7,1,478.88,3,NaN,NaN
5,7,1,541.95,3,NaN,NaN
5,7,1,466.79,3,NaN,NaN
5,7,1,402.03,3,NaN,NaN
5,7,1,544.38,3,NaN,NaN
5,7,1,393.85,3,NaN,NaN
5,7,1,412.96,3,NaN,NaN
5,7,1,521.63,3,NaN,NaN
5,7,1,524.84,3,NaN,NaN
5,7,1,325.51,3,NaN,NaN
5,7,1,478.13,3,NaN,NaN
5,7,1,357.71,3,NaN,NaN
5,7,1,759.11,3,NaN,NaN
5,7,1,401.86,3,NaN,NaN
5,7,1,423.56,3,NaN,NaN
5,7,1,380.27,3,NaN,NaN
5,7,1,336.59,3,NaN,NaN
5,7,1,445.37,3,NaN,NaN
5,7,1,434.23,3,NaN,NaN
5,7,1,435.44,3,NaN,NaN
5,7,1,389.94,3,NaN,NaN
5,7,1,360.06,3,NaN,NaN
5,7,1,358.5,3,NaN,NaN
5,7,1,687.8,4,NaN,NaN
5,7,1,464.5,4,NaN,NaN
5,7,1,578.28,4,NaN,NaN
5,7,1,460.61,4,NaN,NaN
5,7,1,363.46,4,NaN,NaN
5,7,1,406.39,4,NaN,NaN
5,7,1,364.16,4,NaN,NaN
5,7,1,443.04,4,NaN,NaN
5,7,1,492.13,4,NaN,NaN
5,7,1,480.5,4,NaN,NaN
5,7,1,423.14,4,NaN,NaN
5,7,1,446.79,4,NaN,NaN
5,7,1,512.38,4,NaN,NaN
5,7,1,437.58,4,NaN,NaN
5,7,1,523.08,4,NaN,NaN
5,7,1,413.85,4,NaN,NaN
5,7,1,683.32,4,NaN,NaN
5,7,1,549.01,4,NaN,NaN
5,7,1,511.36,4,NaN,NaN
5,7,1,392.43,4,NaN,NaN
5,7,1,404.18,4,NaN,NaN
5,7,1,392.24,4,NaN,NaN
5,7,1,380.4,4,NaN,NaN
5,7,1,578.81,4,NaN,NaN
5,7,1,424,4,NaN,NaN
5,7,1,435.96,4,NaN,NaN
5,7,1,390.79,4,NaN,NaN
5,7,1,370.22,4,NaN,NaN
5,7,1,501,4,NaN,NaN
5,7,1,392.03,4,NaN,NaN
5,7,1,379.8,4,NaN,NaN
5,7,1,402.09,4,NaN,NaN
5,7,1,412.01,4,NaN,NaN
5,7,1,380.64,4,NaN,NaN
5,7,1,468.29,4,NaN,NaN
5,7,1,369.77,4,NaN,NaN
5,7,1,412.49,4,NaN,NaN
5,7,1,520.15,4,NaN,NaN
5,7,1,347.08,4,NaN,NaN
5,7,1,466.79,4,NaN,NaN
5,7,1,488.36,4,NaN,NaN
5,7,1,608.52,4,NaN,NaN
5,7,1,434.32,4,NaN,NaN
5,7,1,487.77,4,NaN,NaN
5,7,1,542.05,4,NaN,NaN
5,7,1,379.85,4,NaN,NaN
5,7,1,563.47,4,NaN,NaN
5,7,1,437.52,4,NaN,NaN
5,7,1,368.39,4,NaN,NaN
5,7,1,629.96,4,NaN,NaN
5,7,1,412.01,4,NaN,NaN
5,7,1,444.85,4,NaN,NaN
5,7,1,532.12,4,NaN,NaN
5,7,1,390.56,4,NaN,NaN
5,7,1,401.38,4,NaN,NaN
5,7,1,357.83,4,NaN,NaN
5,7,1,663.18,4,NaN,NaN
5,7,1,347.38,4,NaN,NaN
5,7,1,336.19,4,NaN,NaN
5,7,1,509.49,4,NaN,NaN
5,7,1,434.39,4,NaN,NaN
5,7,1,445.34,4,NaN,NaN
5,7,1,390.6,4,NaN,NaN
5,7,1,575.27,4,NaN,NaN
5,7,1,632.85,4,NaN,NaN
5,7,1,425.79,4,NaN,NaN
5,7,1,520.61,4,NaN,NaN
5,7,1,327.58,4,NaN,NaN
5,7,1,391.61,4,NaN,NaN
5,7,1,358.29,4,NaN,NaN
5,7,1,466.51,4,NaN,NaN
5,7,1,412,4,NaN,NaN
5,7,1,434.04,4,NaN,NaN
5,7,1,575.61,4,NaN,NaN
5,7,1,456.63,4,NaN,NaN
5,7,1,532.47,4,NaN,NaN
5,7,1,380.09,4,NaN,NaN
5,7,1,379.74,4,NaN,NaN
5,7,1,444.91,4,NaN,NaN
5,7,1,498.62,4,NaN,NaN
5,7,1,369.69,4,NaN,NaN
5,7,1,403.88,4,NaN,NaN
5,7,1,368.92,4,NaN,NaN
5,7,1,401.8,4,NaN,NaN
5,7,1,379.56,4,NaN,NaN
5,7,1,360.68,4,NaN,NaN
5,7,1,379.49,4,NaN,NaN
5,7,1,390.34,4,NaN,NaN
5,7,1,423.31,4,NaN,NaN
5,7,1,466.81,4,NaN,NaN
5,7,1,574.54,4,NaN,NaN
5,7,1,405.34,5,NaN,NaN
5,7,1,428.28,5,NaN,NaN
5,7,1,596.35,5,NaN,NaN
5,7,1,457.04,5,NaN,NaN
5,7,1,436.94,5,NaN,NaN
5,7,1,532.37,5,NaN,NaN
5,7,1,509.49,5,NaN,NaN
5,7,1,404.92,5,NaN,NaN
5,7,1,443.98,5,NaN,NaN
5,7,1,412.92,5,NaN,NaN
5,7,1,433.02,5,NaN,NaN
5,7,1,368.88,5,NaN,NaN
5,7,1,412.51,5,NaN,NaN
5,7,1,413.21,5,NaN,NaN
5,7,1,498.79,5,NaN,NaN
5,7,1,640.55,5,NaN,NaN
5,7,1,552.85,5,NaN,NaN
5,7,1,456.04,5,NaN,NaN
5,7,1,422,5,NaN,NaN
5,7,1,402.88,5,NaN,NaN
5,7,1,523.33,5,NaN,NaN
5,7,1,510.15,5,NaN,NaN
5,7,1,476.43,5,NaN,NaN
5,7,1,401.42,5,NaN,NaN
5,7,1,413.44,5,NaN,NaN
5,7,1,424.04,5,NaN,NaN
5,7,1,411.93,5,NaN,NaN
5,7,1,692.79,5,NaN,NaN
5,7,1,347.58,5,NaN,NaN
5,7,1,605.77,5,NaN,NaN
5,7,1,432.5,5,NaN,NaN
5,7,1,400.42,5,NaN,NaN
5,7,1,389.84,5,NaN,NaN
5,7,1,412.23,5,NaN,NaN
5,7,1,389.16,5,NaN,NaN
5,7,1,600.62,5,NaN,NaN
5,7,1,432.2,5,NaN,NaN
5,7,1,403.24,5,NaN,NaN
5,7,1,443.52,5,NaN,NaN
5,7,1,486.59,5,NaN,NaN
5,7,1,422.59,5,NaN,NaN
5,7,1,508.31,5,NaN,NaN
5,7,1,335.82,5,NaN,NaN
5,7,1,626.38,5,NaN,NaN
5,7,1,574.37,5,NaN,NaN
5,7,1,379.54,5,NaN,NaN
5,7,1,358.22,5,NaN,NaN
5,7,1,410.86,5,NaN,NaN
5,7,1,389.2,5,NaN,NaN
5,7,1,466.93,5,NaN,NaN
5,7,1,443.45,5,NaN,NaN
5,7,1,400.51,5,NaN,NaN
5,7,1,421.6,5,NaN,NaN
5,7,1,437.13,5,NaN,NaN
5,7,1,381.1,5,NaN,NaN
5,7,1,690.64,5,NaN,NaN
5,7,1,623.26,5,NaN,NaN
5,7,1,594.83,5,NaN,NaN
5,7,1,434.3,5,NaN,NaN
5,7,1,368.43,5,NaN,NaN
5,7,1,423.35,5,NaN,NaN
5,7,1,413.41,5,NaN,NaN
5,7,1,371.45,5,NaN,NaN
5,7,1,433.37,5,NaN,NaN
5,7,1,498.96,5,NaN,NaN
5,7,1,357.44,5,NaN,NaN
5,7,1,486.41,5,NaN,NaN
5,7,1,433.32,5,NaN,NaN
5,7,1,370.52,5,NaN,NaN
5,7,1,414.07,5,NaN,NaN
5,7,1,357.65,5,NaN,NaN
5,7,1,543.33,5,NaN,NaN
5,7,1,437.58,5,NaN,NaN
5,7,1,596.97,5,NaN,NaN
5,7,1,596.86,5,NaN,NaN
5,7,1,466.92,5,NaN,NaN
5,7,1,540.6,5,NaN,NaN
5,7,1,584.71,5,NaN,NaN
5,7,1,434.03,5,NaN,NaN
5,7,1,455.33,5,NaN,NaN
5,7,1,444.55,5,NaN,NaN
5,7,1,476.38,5,NaN,NaN
5,7,1,642.25,5,NaN,NaN
5,7,1,532.7,5,NaN,NaN
5,7,1,422.41,5,NaN,NaN
5,7,1,357.86,5,NaN,NaN
5,7,1,443.98,5,NaN,NaN
5,7,1,411.58,5,NaN,NaN
5,7,1,486.13,5,NaN,NaN
5,7,1,434.77,5,NaN,NaN
6,8,1,470.51,2,NaN,NaN
6,8,1,493.49,2,NaN,NaN
6,8,1,544.92,2,NaN,NaN
6,8,1,461.65,2,NaN,NaN
6,8,1,426.96,2,NaN,NaN
6,8,1,394.78,2,NaN,NaN
6,8,1,405.35,2,NaN,NaN
6,8,1,397.99,2,NaN,NaN
6,8,1,344.79,2,NaN,NaN
6,8,1,430.7,2,NaN,NaN
6,8,1,542.12,2,NaN,NaN
6,8,1,368.15,2,NaN,NaN
6,8,1,421.53,2,NaN,NaN
6,8,1,410.71,2,NaN,NaN
6,8,1,422.18,2,NaN,NaN
6,8,1,476.03,2,NaN,NaN
6,8,1,433.22,2,NaN,NaN
6,8,1,573,2,NaN,NaN
6,8,1,399.56,2,NaN,NaN
6,8,1,387.76,2,NaN,NaN
6,8,1,346.62,2,NaN,NaN
6,8,1,494.97,2,NaN,NaN
6,8,1,442.2,2,NaN,NaN
6,8,1,495.01,2,NaN,NaN
6,8,1,376.77,2,NaN,NaN
6,8,1,369.83,2,NaN,NaN
6,8,1,442.38,2,NaN,NaN
6,8,1,366.89,2,NaN,NaN
6,8,1,323.84,2,NaN,NaN
6,8,1,491.36,2,NaN,NaN
6,8,1,366.86,2,NaN,NaN
6,8,1,422.52,2,NaN,NaN
6,8,1,387.9,2,NaN,NaN
6,8,1,408.34,2,NaN,NaN
6,8,1,410.19,2,NaN,NaN
6,8,1,368.62,2,NaN,NaN
6,8,1,399.35,2,NaN,NaN
6,8,1,388.08,2,NaN,NaN
6,8,1,454.37,2,NaN,NaN
6,8,1,420.38,2,NaN,NaN
6,8,1,357.29,2,NaN,NaN
6,8,1,402.69,2,NaN,NaN
6,8,1,368.96,2,NaN,NaN
6,8,1,379.23,2,NaN,NaN
6,8,1,499.65,2,NaN,NaN
6,8,1,379.63,2,NaN,NaN
6,8,1,486.74,2,NaN,NaN
6,8,1,423.36,2,NaN,NaN
6,8,1,520.4,2,NaN,NaN
6,8,1,305.97,2,NaN,NaN
6,8,1,325.18,2,NaN,NaN
6,8,1,390.99,2,NaN,NaN
6,8,1,540.91,2,NaN,NaN
6,8,1,477.57,2,NaN,NaN
6,8,1,489.63,2,NaN,NaN
6,8,1,465.82,2,NaN,NaN
6,8,1,358.51,2,NaN,NaN
6,8,1,446.26,2,NaN,NaN
6,8,1,501.11,2,NaN,NaN
6,8,1,446.24,2,NaN,NaN
6,8,1,423.47,2,NaN,NaN
6,8,1,466.68,2,NaN,NaN
6,8,1,455.69,2,NaN,NaN
6,8,1,391.23,2,NaN,NaN
6,8,1,358.53,2,NaN,NaN
6,8,1,347.54,2,NaN,NaN
6,8,1,466.63,2,NaN,NaN
6,8,1,629.47,2,NaN,NaN
6,8,1,576.73,2,NaN,NaN
6,8,1,521.37,2,NaN,NaN
6,8,1,446.33,2,NaN,NaN
6,8,1,510.5,2,NaN,NaN
6,8,1,370.53,2,NaN,NaN
6,8,1,347.6,2,NaN,NaN
6,8,1,467.2,2,NaN,NaN
6,8,1,470.13,2,NaN,NaN
6,8,1,337.25,2,NaN,NaN
6,8,1,501.89,2,NaN,NaN
6,8,1,369.66,2,NaN,NaN
6,8,1,380.54,2,NaN,NaN
6,8,1,402.98,2,NaN,NaN
6,8,1,512.56,2,NaN,NaN
6,8,1,317.35,2,NaN,NaN
6,8,1,587.12,2,NaN,NaN
6,8,1,391.65,2,NaN,NaN
6,8,1,402,2,NaN,NaN
6,8,1,423.94,2,NaN,NaN
6,8,1,488.5,2,NaN,NaN
6,8,1,393.39,2,NaN,NaN
6,8,1,337.54,2,NaN,NaN
6,8,1,327.32,2,NaN,NaN
6,8,1,576.97,2,NaN,NaN
6,8,1,481.65,3,NaN,NaN
6,8,1,368.51,3,NaN,NaN
6,8,1,416,3,NaN,NaN
6,8,1,376.27,3,NaN,NaN
6,8,1,320.68,3,NaN,NaN
6,8,1,396.7,3,NaN,NaN
6,8,1,672.26,3,NaN,NaN
6,8,1,387.25,3,NaN,NaN
6,8,1,408.63,3,NaN,NaN
6,8,1,367.28,3,NaN,NaN
6,8,1,344.34,3,NaN,NaN
6,8,1,409.55,3,NaN,NaN
6,8,1,524.84,3,NaN,NaN
6,8,1,537.71,3,NaN,NaN
6,8,1,391.29,3,NaN,NaN
6,8,1,466.65,3,NaN,NaN
6,8,1,432.51,3,NaN,NaN
6,8,1,424.77,3,NaN,NaN
6,8,1,357.26,3,NaN,NaN
6,8,1,380.86,3,NaN,NaN
6,8,1,489.06,3,NaN,NaN
6,8,1,335.83,3,NaN,NaN
6,8,1,357.25,3,NaN,NaN
6,8,1,424.88,3,NaN,NaN
6,8,1,544.63,3,NaN,NaN
6,8,1,380.27,3,NaN,NaN
6,8,1,575.91,3,NaN,NaN
6,8,1,346.71,3,NaN,NaN
6,8,1,529.53,3,NaN,NaN
6,8,1,422.7,3,NaN,NaN
6,8,1,422.5,3,NaN,NaN
6,8,1,367.86,3,NaN,NaN
6,8,1,554.91,3,NaN,NaN
6,8,1,443.95,3,NaN,NaN
6,8,1,586.37,3,NaN,NaN
6,8,1,511.28,3,NaN,NaN
6,8,1,412.01,3,NaN,NaN
6,8,1,434.54,3,NaN,NaN
6,8,1,512.88,3,NaN,NaN
6,8,1,293.74,3,NaN,NaN
6,8,1,542.44,3,NaN,NaN
6,8,1,426.69,3,NaN,NaN
6,8,1,436.14,3,NaN,NaN
6,8,1,359.98,3,NaN,NaN
6,8,1,426.75,3,NaN,NaN
6,8,1,400.51,3,NaN,NaN
6,8,1,369.62,3,NaN,NaN
6,8,1,412.05,3,NaN,NaN
6,8,1,357.99,3,NaN,NaN
6,8,1,390.28,3,NaN,NaN
6,8,1,380,3,NaN,NaN
6,8,1,422.48,3,NaN,NaN
6,8,1,434.43,3,NaN,NaN
6,8,1,379.18,3,NaN,NaN
6,8,1,466.43,3,NaN,NaN
6,8,1,619.51,3,NaN,NaN
6,8,1,521.17,3,NaN,NaN
6,8,1,359.1,3,NaN,NaN
6,8,1,403.07,3,NaN,NaN
6,8,1,434.92,3,NaN,NaN
6,8,1,583.47,3,NaN,NaN
6,8,1,412.78,3,NaN,NaN
6,8,1,349.04,3,NaN,NaN
6,8,1,358.8,3,NaN,NaN
6,8,1,359.65,3,NaN,NaN
6,8,1,502.3,3,NaN,NaN
6,8,1,339.33,3,NaN,NaN
6,8,1,585.65,3,NaN,NaN
6,8,1,411.78,3,NaN,NaN
6,8,1,650.61,3,NaN,NaN
6,8,1,422.86,3,NaN,NaN
6,8,1,369.12,3,NaN,NaN
6,8,1,392.83,3,NaN,NaN
6,8,1,370.48,3,NaN,NaN
6,8,1,444.89,3,NaN,NaN
6,8,1,456.38,3,NaN,NaN
6,8,1,358.36,3,NaN,NaN
6,8,1,412.92,3,NaN,NaN
6,8,1,521.04,3,NaN,NaN
6,8,1,357.9,3,NaN,NaN
6,8,1,379.42,3,NaN,NaN
6,8,1,499.03,3,NaN,NaN
6,8,1,349.7,3,NaN,NaN
6,8,1,412.31,3,NaN,NaN
6,8,1,554.1,3,NaN,NaN
6,8,1,336.71,3,NaN,NaN
6,8,1,544.33,3,NaN,NaN
6,8,1,435.12,3,NaN,NaN
6,8,1,390.61,3,NaN,NaN
6,8,1,380.2,3,NaN,NaN
6,8,1,360.16,3,NaN,NaN
6,8,1,497.12,3,NaN,NaN
6,8,1,332.03,4,NaN,NaN
6,8,1,354.49,4,NaN,NaN
6,8,1,355.18,4,NaN,NaN
6,8,1,320.77,4,NaN,NaN
6,8,1,375.07,4,NaN,NaN
6,8,1,343.44,4,NaN,NaN
6,8,1,321.59,4,NaN,NaN
6,8,1,408.29,4,NaN,NaN
6,8,1,311.93,4,NaN,NaN
6,8,1,418.99,4,NaN,NaN
6,8,1,461.35,4,NaN,NaN
6,8,1,495.27,4,NaN,NaN
6,8,1,646.32,4,NaN,NaN
6,8,1,311,4,NaN,NaN
6,8,1,391.98,4,NaN,NaN
6,8,1,391.5,4,NaN,NaN
6,8,1,382.41,4,NaN,NaN
6,8,1,426.82,4,NaN,NaN
6,8,1,381.45,4,NaN,NaN
6,8,1,413.66,4,NaN,NaN
6,8,1,469.43,4,NaN,NaN
6,8,1,632.56,4,NaN,NaN
6,8,1,315.32,4,NaN,NaN
6,8,1,381.76,4,NaN,NaN
6,8,1,361.81,4,NaN,NaN
6,8,1,524.79,4,NaN,NaN
6,8,1,435.42,4,NaN,NaN
6,8,1,326.92,4,NaN,NaN
6,8,1,381.13,4,NaN,NaN
6,8,1,424.21,4,NaN,NaN
6,8,1,391.08,4,NaN,NaN
6,8,1,554.52,4,NaN,NaN
6,8,1,369.93,4,NaN,NaN
6,8,1,380.82,4,NaN,NaN
6,8,1,433.64,4,NaN,NaN
6,8,1,424.3,4,NaN,NaN
6,8,1,434.27,4,NaN,NaN
6,8,1,391.03,4,NaN,NaN
6,8,1,390.45,4,NaN,NaN
6,8,1,584.01,4,NaN,NaN
6,8,1,563.33,4,NaN,NaN
6,8,1,389.74,4,NaN,NaN
6,8,1,347.39,4,NaN,NaN
6,8,1,347.14,4,NaN,NaN
6,8,1,391.09,4,NaN,NaN
6,8,1,445.09,4,NaN,NaN
6,8,1,336.43,4,NaN,NaN
6,8,1,380.36,4,NaN,NaN
6,8,1,391.71,4,NaN,NaN
6,8,1,401.28,4,NaN,NaN
6,8,1,358.44,4,NaN,NaN
6,8,1,554.95,4,NaN,NaN
6,8,1,445.69,4,NaN,NaN
6,8,1,336.79,4,NaN,NaN
6,8,1,545.79,4,NaN,NaN
6,8,1,412.4,4,NaN,NaN
6,8,1,466.12,4,NaN,NaN
6,8,1,467.15,4,NaN,NaN
6,8,1,390.72,4,NaN,NaN
6,8,1,542.66,4,NaN,NaN
6,8,1,380.42,4,NaN,NaN
6,8,1,467.64,4,NaN,NaN
6,8,1,423.98,4,NaN,NaN
6,8,1,413.17,4,NaN,NaN
6,8,1,467.02,4,NaN,NaN
6,8,1,455.74,4,NaN,NaN
6,8,1,370.59,4,NaN,NaN
6,8,1,423.44,4,NaN,NaN
6,8,1,357.68,4,NaN,NaN
6,8,1,380.33,4,NaN,NaN
6,8,1,424.45,4,NaN,NaN
6,8,1,412.5,4,NaN,NaN
6,8,1,379.97,4,NaN,NaN
6,8,1,379.97,4,NaN,NaN
6,8,1,542.44,4,NaN,NaN
6,8,1,575.42,4,NaN,NaN
6,8,1,426.97,4,NaN,NaN
6,8,1,628.93,4,NaN,NaN
6,8,1,336.82,4,NaN,NaN
6,8,1,369.53,4,NaN,NaN
6,8,1,445.37,4,NaN,NaN
6,8,1,444.98,4,NaN,NaN
6,8,1,488.63,4,NaN,NaN
6,8,1,523.18,4,NaN,NaN
6,8,1,446.96,4,NaN,NaN
6,8,1,401.51,4,NaN,NaN
6,8,1,577.55,4,NaN,NaN
6,8,1,575.64,4,NaN,NaN
6,8,1,629.92,4,NaN,NaN
6,8,1,498.31,4,NaN,NaN
6,8,1,487.72,4,NaN,NaN
6,8,1,444.93,4,NaN,NaN
6,8,1,424.92,5,NaN,NaN
6,8,1,448.75,5,NaN,NaN
6,8,1,351.37,5,NaN,NaN
6,8,1,459.23,5,NaN,NaN
6,8,1,405.88,5,NaN,NaN
6,8,1,616.28,5,NaN,NaN
6,8,1,563.44,5,NaN,NaN
6,8,1,333.1,5,NaN,NaN
6,8,1,404.66,5,NaN,NaN
6,8,1,401.72,5,NaN,NaN
6,8,1,422.9,5,NaN,NaN
6,8,1,423.41,5,NaN,NaN
6,8,1,476.84,5,NaN,NaN
6,8,1,477.23,5,NaN,NaN
6,8,1,422.19,5,NaN,NaN
6,8,1,390.25,5,NaN,NaN
6,8,1,380.18,5,NaN,NaN
6,8,1,402.73,5,NaN,NaN
6,8,1,422.1,5,NaN,NaN
6,8,1,608.76,5,NaN,NaN
6,8,1,652.62,5,NaN,NaN
6,8,1,401.88,5,NaN,NaN
6,8,1,479.28,5,NaN,NaN
6,8,1,458.87,5,NaN,NaN
6,8,1,433.9,5,NaN,NaN
6,8,1,411.94,5,NaN,NaN
6,8,1,423.63,5,NaN,NaN
6,8,1,459.02,5,NaN,NaN
6,8,1,530.72,5,NaN,NaN
6,8,1,521.66,5,NaN,NaN
6,8,1,381.44,5,NaN,NaN
6,8,1,541.07,5,NaN,NaN
6,8,1,476.34,5,NaN,NaN
6,8,1,357.36,5,NaN,NaN
6,8,1,413.16,5,NaN,NaN
6,8,1,358.02,5,NaN,NaN
6,8,1,345.86,5,NaN,NaN
6,8,1,357.1,5,NaN,NaN
6,8,1,389.43,5,NaN,NaN
6,8,1,433.08,5,NaN,NaN
6,8,1,486,5,NaN,NaN
6,8,1,550.7,5,NaN,NaN
6,8,1,378.47,5,NaN,NaN
6,8,1,456.67,5,NaN,NaN
6,8,1,334.99,5,NaN,NaN
6,8,1,411.78,5,NaN,NaN
6,8,1,434.17,5,NaN,NaN
6,8,1,369.79,5,NaN,NaN
6,8,1,433.02,5,NaN,NaN
6,8,1,508.13,5,NaN,NaN
6,8,1,455.18,5,NaN,NaN
6,8,1,410.8,5,NaN,NaN
6,8,1,369.9,5,NaN,NaN
6,8,1,432.51,5,NaN,NaN
6,8,1,410.71,5,NaN,NaN
6,8,1,530.13,5,NaN,NaN
6,8,1,447.59,5,NaN,NaN
6,8,1,443.91,5,NaN,NaN
6,8,1,380.99,5,NaN,NaN
6,8,1,469.88,5,NaN,NaN
6,8,1,573.27,5,NaN,NaN
6,8,1,607.91,5,NaN,NaN
6,8,1,358.16,5,NaN,NaN
6,8,1,521.55,5,NaN,NaN
6,8,1,401.33,5,NaN,NaN
6,8,1,381.04,5,NaN,NaN
6,8,1,433.59,5,NaN,NaN
6,8,1,347.25,5,NaN,NaN
6,8,1,380.08,5,NaN,NaN
6,8,1,489.93,5,NaN,NaN
6,8,1,411.08,5,NaN,NaN
6,8,1,434.91,5,NaN,NaN
6,8,1,335.98,5,NaN,NaN
6,8,1,402.11,5,NaN,NaN
6,8,1,523.5,5,NaN,NaN
6,8,1,421.98,5,NaN,NaN
6,8,1,379.36,5,NaN,NaN
6,8,1,433.71,5,NaN,NaN
6,8,1,477.05,5,NaN,NaN
6,8,1,620.14,5,NaN,NaN
6,8,1,411.35,5,NaN,NaN
6,8,1,401.71,5,NaN,NaN
6,8,1,411.99,5,NaN,NaN
6,8,1,454.8,5,NaN,NaN
6,8,1,540.89,5,NaN,NaN
6,8,1,346.42,5,NaN,NaN
6,8,1,380.7,5,NaN,NaN
6,8,1,367.52,5,NaN,NaN
6,8,1,378.2,5,NaN,NaN
6,8,1,576.29,5,NaN,NaN
6,8,1,368.6,5,NaN,NaN
7,3,1,591.58,2,NaN,NaN
7,3,1,461.16,2,NaN,NaN
7,3,1,576.54,2,NaN,NaN
7,3,1,501.59,2,NaN,NaN
7,3,1,428.39,2,NaN,NaN
7,3,1,458.49,2,NaN,NaN
7,3,1,680.46,2,NaN,NaN
7,3,1,435.02,2,NaN,NaN
7,3,1,455.82,2,NaN,NaN
7,3,1,433.05,2,NaN,NaN
7,3,1,379.12,2,NaN,NaN
7,3,1,574.06,2,NaN,NaN
7,3,1,379.03,2,NaN,NaN
7,3,1,423.76,2,NaN,NaN
7,3,1,585.81,2,NaN,NaN
7,3,1,551.77,2,NaN,NaN
7,3,1,508.17,2,NaN,NaN
7,3,1,476.93,2,NaN,NaN
7,3,1,487.01,2,NaN,NaN
7,3,1,463.41,2,NaN,NaN
7,3,1,432.17,2,NaN,NaN
7,3,1,593.32,2,NaN,NaN
7,3,1,592.07,2,NaN,NaN
7,3,1,409.52,2,NaN,NaN
7,3,1,463.08,2,NaN,NaN
7,3,1,494.87,2,NaN,NaN
7,3,1,430.53,2,NaN,NaN
7,3,1,355.52,2,NaN,NaN
7,3,1,420.12,2,NaN,NaN
7,3,1,441.57,2,NaN,NaN
7,3,1,356.24,2,NaN,NaN
7,3,1,550.29,2,NaN,NaN
7,3,1,517.72,2,NaN,NaN
7,3,1,516.37,2,NaN,NaN
7,3,1,514.39,2,NaN,NaN
7,3,1,409.05,2,NaN,NaN
7,3,1,465.84,2,NaN,NaN
7,3,1,464.75,2,NaN,NaN
7,3,1,430.39,2,NaN,NaN
7,3,1,387.8,2,NaN,NaN
7,3,1,476.04,2,NaN,NaN
7,3,1,377.06,2,NaN,NaN
7,3,1,377.34,2,NaN,NaN
7,3,1,441.33,2,NaN,NaN
7,3,1,498.88,2,NaN,NaN
7,3,1,555.43,2,NaN,NaN
7,3,1,466.03,2,NaN,NaN
7,3,1,687.07,2,NaN,NaN
7,3,1,573.82,2,NaN,NaN
7,3,1,434.19,2,NaN,NaN
7,3,1,532.64,2,NaN,NaN
7,3,1,736.96,2,NaN,NaN
7,3,1,478.06,2,NaN,NaN
7,3,1,562.89,2,NaN,NaN
7,3,1,500.8,2,NaN,NaN
7,3,1,433.99,2,NaN,NaN
7,3,1,520.89,2,NaN,NaN
7,3,1,445.99,2,NaN,NaN
7,3,1,553.24,2,NaN,NaN
7,3,1,412.37,2,NaN,NaN
7,3,1,423.12,2,NaN,NaN
7,3,1,412.85,2,NaN,NaN
7,3,1,466.89,2,NaN,NaN
7,3,1,705.39,2,NaN,NaN
7,3,1,466.7,2,NaN,NaN
7,3,1,390.7,2,NaN,NaN
7,3,1,457.93,2,NaN,NaN
7,3,1,412.9,2,NaN,NaN
7,3,1,716.24,2,NaN,NaN
7,3,1,510.33,2,NaN,NaN
7,3,1,402.12,2,NaN,NaN
7,3,1,555.68,2,NaN,NaN
7,3,1,446.14,2,NaN,NaN
7,3,1,391.52,2,NaN,NaN
7,3,1,360.64,2,NaN,NaN
7,3,1,444.93,2,NaN,NaN
7,3,1,629.01,2,NaN,NaN
7,3,1,447.83,2,NaN,NaN
7,3,1,425.5,2,NaN,NaN
7,3,1,531.41,2,NaN,NaN
7,3,1,479.47,2,NaN,NaN
7,3,1,390.96,2,NaN,NaN
7,3,1,488.89,2,NaN,NaN
7,3,1,446.54,2,NaN,NaN
7,3,1,380.58,2,NaN,NaN
7,3,1,435.17,2,NaN,NaN
7,3,1,435.95,2,NaN,NaN
7,3,1,402.29,2,NaN,NaN
7,3,1,556.86,3,NaN,NaN
7,3,1,593.52,3,NaN,NaN
7,3,1,440.23,3,NaN,NaN
7,3,1,484.71,3,NaN,NaN
7,3,1,426.64,3,NaN,NaN
7,3,1,494.23,3,NaN,NaN
7,3,1,430.05,3,NaN,NaN
7,3,1,601.8,3,NaN,NaN
7,3,1,386.51,3,NaN,NaN
7,3,1,503.26,3,NaN,NaN
7,3,1,429.36,3,NaN,NaN
7,3,1,504.19,3,NaN,NaN
7,3,1,517.09,3,NaN,NaN
7,3,1,431.4,3,NaN,NaN
7,3,1,467.99,3,NaN,NaN
7,3,1,443.7,3,NaN,NaN
7,3,1,367.45,3,NaN,NaN
7,3,1,410.98,3,NaN,NaN
7,3,1,686.22,3,NaN,NaN
7,3,1,380.12,3,NaN,NaN
7,3,1,487.94,3,NaN,NaN
7,3,1,487.23,3,NaN,NaN
7,3,1,539.9,3,NaN,NaN
7,3,1,595.32,3,NaN,NaN
7,3,1,520.18,3,NaN,NaN
7,3,1,456.11,3,NaN,NaN
7,3,1,422.51,3,NaN,NaN
7,3,1,367.82,3,NaN,NaN
7,3,1,464.6,3,NaN,NaN
7,3,1,433.16,3,NaN,NaN
7,3,1,422.24,3,NaN,NaN
7,3,1,467.93,3,NaN,NaN
7,3,1,508.98,3,NaN,NaN
7,3,1,605.9,3,NaN,NaN
7,3,1,444.74,3,NaN,NaN
7,3,1,464.4,3,NaN,NaN
7,3,1,356.39,3,NaN,NaN
7,3,1,520.12,3,NaN,NaN
7,3,1,490.59,3,NaN,NaN
7,3,1,379.75,3,NaN,NaN
7,3,1,369.33,3,NaN,NaN
7,3,1,520.74,3,NaN,NaN
7,3,1,413.93,3,NaN,NaN
7,3,1,555.57,3,NaN,NaN
7,3,1,524.38,3,NaN,NaN
7,3,1,488.45,3,NaN,NaN
7,3,1,524.85,3,NaN,NaN
7,3,1,704.25,3,NaN,NaN
7,3,1,663.87,3,NaN,NaN
7,3,1,526.1,3,NaN,NaN
7,3,1,391.1,3,NaN,NaN
7,3,1,455.86,3,NaN,NaN
7,3,1,607.16,3,NaN,NaN
7,3,1,520.51,3,NaN,NaN
7,3,1,532.44,3,NaN,NaN
7,3,1,434.14,3,NaN,NaN
7,3,1,650.66,3,NaN,NaN
7,3,1,498.69,3,NaN,NaN
7,3,1,597.03,3,NaN,NaN
7,3,1,530.96,3,NaN,NaN
7,3,1,586.06,3,NaN,NaN
7,3,1,434.23,3,NaN,NaN
7,3,1,478.25,3,NaN,NaN
7,3,1,703.02,3,NaN,NaN
7,3,1,412.27,3,NaN,NaN
7,3,1,401.8,3,NaN,NaN
7,3,1,434.09,3,NaN,NaN
7,3,1,490.46,3,NaN,NaN
7,3,1,489.24,3,NaN,NaN
7,3,1,433.8,3,NaN,NaN
7,3,1,358.18,3,NaN,NaN
7,3,1,445.59,3,NaN,NaN
7,3,1,554.22,3,NaN,NaN
7,3,1,411.97,3,NaN,NaN
7,3,1,553.23,3,NaN,NaN
7,3,1,619.59,3,NaN,NaN
7,3,1,434.83,3,NaN,NaN
7,3,1,445.56,3,NaN,NaN
7,3,1,413.25,3,NaN,NaN
7,3,1,558.05,3,NaN,NaN
7,3,1,369,3,NaN,NaN
7,3,1,487.62,3,NaN,NaN
7,3,1,640.24,3,NaN,NaN
7,3,1,466.95,3,NaN,NaN
7,3,1,487.96,3,NaN,NaN
7,3,1,412.85,3,NaN,NaN
7,3,1,466.62,3,NaN,NaN
7,3,1,465.59,3,NaN,NaN
7,3,1,423.08,3,NaN,NaN
7,3,1,525.6,4,NaN,NaN
7,3,1,428.59,4,NaN,NaN
7,3,1,428.1,4,NaN,NaN
7,3,1,590.6,4,NaN,NaN
7,3,1,406.76,4,NaN,NaN
7,3,1,342.12,4,NaN,NaN
7,3,1,353.47,4,NaN,NaN
7,3,1,629.7,4,NaN,NaN
7,3,1,494.96,4,NaN,NaN
7,3,1,440.95,4,NaN,NaN
7,3,1,427.51,4,NaN,NaN
7,3,1,486.08,4,NaN,NaN
7,3,1,547.42,4,NaN,NaN
7,3,1,536.14,4,NaN,NaN
7,3,1,413.34,4,NaN,NaN
7,3,1,608.86,4,NaN,NaN
7,3,1,380.34,4,NaN,NaN
7,3,1,663.07,4,NaN,NaN
7,3,1,481.26,4,NaN,NaN
7,3,1,499.79,4,NaN,NaN
7,3,1,402.92,4,NaN,NaN
7,3,1,382.19,4,NaN,NaN
7,3,1,414.04,4,NaN,NaN
7,3,1,513.49,4,NaN,NaN
7,3,1,435.56,4,NaN,NaN
7,3,1,395.07,4,NaN,NaN
7,3,1,457.6,4,NaN,NaN
7,3,1,478.5,4,NaN,NaN
7,3,1,467.41,4,NaN,NaN
7,3,1,477.12,4,NaN,NaN
7,3,1,445.3,4,NaN,NaN
7,3,1,402.07,4,NaN,NaN
7,3,1,426.03,4,NaN,NaN
7,3,1,383.36,4,NaN,NaN
7,3,1,598.83,4,NaN,NaN
7,3,1,425.51,4,NaN,NaN
7,3,1,401.68,4,NaN,NaN
7,3,1,423.15,4,NaN,NaN
7,3,1,444.44,4,NaN,NaN
7,3,1,466.29,4,NaN,NaN
7,3,1,378.92,4,NaN,NaN
7,3,1,704.11,4,NaN,NaN
7,3,1,423.72,4,NaN,NaN
7,3,1,422.69,4,NaN,NaN
7,3,1,449.32,4,NaN,NaN
7,3,1,477.87,4,NaN,NaN
7,3,1,433.63,4,NaN,NaN
7,3,1,559.66,4,NaN,NaN
7,3,1,421.89,4,NaN,NaN
7,3,1,498.51,4,NaN,NaN
7,3,1,519.4,4,NaN,NaN
7,3,1,424.88,4,NaN,NaN
7,3,1,509.38,4,NaN,NaN
7,3,1,558.46,4,NaN,NaN
7,3,1,403.16,4,NaN,NaN
7,3,1,481.16,4,NaN,NaN
7,3,1,510.25,4,NaN,NaN
7,3,1,542.71,4,NaN,NaN
7,3,1,401.58,4,NaN,NaN
7,3,1,370.77,4,NaN,NaN
7,3,1,498.81,4,NaN,NaN
7,3,1,467.47,4,NaN,NaN
7,3,1,437.52,4,NaN,NaN
7,3,1,360.38,4,NaN,NaN
7,3,1,433.59,4,NaN,NaN
7,3,1,640.52,4,NaN,NaN
7,3,1,520.66,4,NaN,NaN
7,3,1,542.11,4,NaN,NaN
7,3,1,413.39,4,NaN,NaN
7,3,1,597.2,4,NaN,NaN
7,3,1,412.39,4,NaN,NaN
7,3,1,466.36,4,NaN,NaN
7,3,1,433.84,4,NaN,NaN
7,3,1,468.14,4,NaN,NaN
7,3,1,435.42,4,NaN,NaN
7,3,1,512.18,4,NaN,NaN
7,3,1,607.22,4,NaN,NaN
7,3,1,434.52,4,NaN,NaN
7,3,1,597.24,4,NaN,NaN
7,3,1,556.89,4,NaN,NaN
7,3,1,424.1,4,NaN,NaN
7,3,1,468.83,4,NaN,NaN
7,3,1,455.88,4,NaN,NaN
7,3,1,424.42,4,NaN,NaN
7,3,1,412.24,4,NaN,NaN
7,3,1,413.24,4,NaN,NaN
7,3,1,456.05,4,NaN,NaN
7,3,1,521.74,4,NaN,NaN
7,3,1,552.69,4,NaN,NaN
7,3,1,422.57,4,NaN,NaN
7,3,1,379.15,4,NaN,NaN
7,3,1,395.37,5,NaN,NaN
7,3,1,363.86,5,NaN,NaN
7,3,1,418.21,5,NaN,NaN
7,3,1,480.08,5,NaN,NaN
7,3,1,532.85,5,NaN,NaN
7,3,1,425.9,5,NaN,NaN
7,3,1,445.82,5,NaN,NaN
7,3,1,532.76,5,NaN,NaN
7,3,1,671.41,5,NaN,NaN
7,3,1,499.26,5,NaN,NaN
7,3,1,554.09,5,NaN,NaN
7,3,1,423.15,5,NaN,NaN
7,3,1,411.36,5,NaN,NaN
7,3,1,368.74,5,NaN,NaN
7,3,1,574.43,5,NaN,NaN
7,3,1,477.94,5,NaN,NaN
7,3,1,520.55,5,NaN,NaN
7,3,1,411.97,5,NaN,NaN
7,3,1,476.36,5,NaN,NaN
7,3,1,531.54,5,NaN,NaN
7,3,1,465.73,5,NaN,NaN
7,3,1,412.8,5,NaN,NaN
7,3,1,433.67,5,NaN,NaN
7,3,1,519.19,5,NaN,NaN
7,3,1,443.51,5,NaN,NaN
7,3,1,509.47,5,NaN,NaN
7,3,1,411.54,5,NaN,NaN
7,3,1,434.35,5,NaN,NaN
7,3,1,465.37,5,NaN,NaN
7,3,1,660.23,5,NaN,NaN
7,3,1,391.14,5,NaN,NaN
7,3,1,681.55,5,NaN,NaN
7,3,1,445.65,5,NaN,NaN
7,3,1,390.83,5,NaN,NaN
7,3,1,497.85,5,NaN,NaN
7,3,1,444.59,5,NaN,NaN
7,3,1,486.98,5,NaN,NaN
7,3,1,433.83,5,NaN,NaN
7,3,1,568.23,5,NaN,NaN
7,3,1,467.13,5,NaN,NaN
7,3,1,389.5,5,NaN,NaN
7,3,1,369.14,5,NaN,NaN
7,3,1,432.71,5,NaN,NaN
7,3,1,398.95,5,NaN,NaN
7,3,1,421.59,5,NaN,NaN
7,3,1,411.36,5,NaN,NaN
7,3,1,572.47,5,NaN,NaN
7,3,1,464.95,5,NaN,NaN
7,3,1,357.64,5,NaN,NaN
7,3,1,464.89,5,NaN,NaN
7,3,1,356.9,5,NaN,NaN
7,3,1,380.52,5,NaN,NaN
7,3,1,379.9,5,NaN,NaN
7,3,1,518.49,5,NaN,NaN
7,3,1,467.6,5,NaN,NaN
7,3,1,432.96,5,NaN,NaN
7,3,1,603.07,5,NaN,NaN
7,3,1,617.39,5,NaN,NaN
7,3,1,552.39,5,NaN,NaN
7,3,1,683.24,5,NaN,NaN
7,3,1,530.11,5,NaN,NaN
7,3,1,519.45,5,NaN,NaN
7,3,1,594.88,5,NaN,NaN
7,3,1,498.07,5,NaN,NaN
7,3,1,455.48,5,NaN,NaN
7,3,1,464.97,5,NaN,NaN
7,3,1,379.27,5,NaN,NaN
7,3,1,509.01,5,NaN,NaN
7,3,1,445.17,5,NaN,NaN
7,3,1,411.46,5,NaN,NaN
7,3,1,455.99,5,NaN,NaN
7,3,1,433.12,5,NaN,NaN
7,3,1,565.13,5,NaN,NaN
7,3,1,509.11,5,NaN,NaN
7,3,1,519.04,5,NaN,NaN
7,3,1,520.22,5,NaN,NaN
7,3,1,411.66,5,NaN,NaN
7,3,1,433.19,5,NaN,NaN
7,3,1,401.27,5,NaN,NaN
7,3,1,390.02,5,NaN,NaN
7,3,1,410.87,5,NaN,NaN
7,3,1,390.26,5,NaN,NaN
7,3,1,433.6,5,NaN,NaN
7,3,1,553.43,5,NaN,NaN
7,3,1,465.75,5,NaN,NaN
7,3,1,714.34,5,NaN,NaN
7,3,1,416.63,5,NaN,NaN
7,3,1,552.15,5,NaN,NaN
7,3,1,488.9,5,NaN,NaN
7,3,1,358.68,5,NaN,NaN
7,3,1,399.8,5,NaN,NaN
7,3,1,445.09,5,NaN,NaN
8,6,1,929.61,2,NaN,NaN
8,6,1,590.36,2,NaN,NaN
8,6,1,451.93,2,NaN,NaN
8,6,1,533.44,2,NaN,NaN
8,6,1,415.28,2,NaN,NaN
8,6,1,586.11,2,NaN,NaN
8,6,1,485.82,2,NaN,NaN
8,6,1,431.41,2,NaN,NaN
8,6,1,442.42,2,NaN,NaN
8,6,1,368.88,2,NaN,NaN
8,6,1,346.02,2,NaN,NaN
8,6,1,378.35,2,NaN,NaN
8,6,1,335.42,2,NaN,NaN
8,6,1,518.94,2,NaN,NaN
8,6,1,496.93,2,NaN,NaN
8,6,1,390.84,2,NaN,NaN
8,6,1,565.78,2,NaN,NaN
8,6,1,410.92,2,NaN,NaN
8,6,1,517.85,2,NaN,NaN
8,6,1,452.79,2,NaN,NaN
8,6,1,323.61,2,NaN,NaN
8,6,1,355.84,2,NaN,NaN
8,6,1,507.57,2,NaN,NaN
8,6,1,485.91,2,NaN,NaN
8,6,1,541.48,2,NaN,NaN
8,6,1,443.77,2,NaN,NaN
8,6,1,388.77,2,NaN,NaN
8,6,1,377.73,2,NaN,NaN
8,6,1,399,2,NaN,NaN
8,6,1,431.37,2,NaN,NaN
8,6,1,442.27,2,NaN,NaN
8,6,1,323,2,NaN,NaN
8,6,1,365.63,2,NaN,NaN
8,6,1,398.3,2,NaN,NaN
8,6,1,419.61,2,NaN,NaN
8,6,1,355.22,2,NaN,NaN
8,6,1,355.71,2,NaN,NaN
8,6,1,583.86,2,NaN,NaN
8,6,1,538.28,2,NaN,NaN
8,6,1,400.04,2,NaN,NaN
8,6,1,410.24,2,NaN,NaN
8,6,1,383.92,2,NaN,NaN
8,6,1,388.51,2,NaN,NaN
8,6,1,402.49,2,NaN,NaN
8,6,1,446,2,NaN,NaN
8,6,1,466.78,2,NaN,NaN
8,6,1,435.16,2,NaN,NaN
8,6,1,391.17,2,NaN,NaN
8,6,1,424.53,2,NaN,NaN
8,6,1,390.58,2,NaN,NaN
8,6,1,390.61,2,NaN,NaN
8,6,1,401.81,2,NaN,NaN
8,6,1,533.98,2,NaN,NaN
8,6,1,411.92,2,NaN,NaN
8,6,1,661.88,2,NaN,NaN
8,6,1,434.58,2,NaN,NaN
8,6,1,423.03,2,NaN,NaN
8,6,1,412.52,2,NaN,NaN
8,6,1,467.29,2,NaN,NaN
8,6,1,466.5,2,NaN,NaN
8,6,1,380.72,2,NaN,NaN
8,6,1,349.71,2,NaN,NaN
8,6,1,380.52,2,NaN,NaN
8,6,1,423.21,2,NaN,NaN
8,6,1,390.66,2,NaN,NaN
8,6,1,619.56,2,NaN,NaN
8,6,1,393.38,2,NaN,NaN
8,6,1,618.05,2,NaN,NaN
8,6,1,435.11,2,NaN,NaN
8,6,1,326.29,2,NaN,NaN
8,6,1,413.22,2,NaN,NaN
8,6,1,434.97,2,NaN,NaN
8,6,1,412.78,2,NaN,NaN
8,6,1,391.17,2,NaN,NaN
8,6,1,608.04,2,NaN,NaN
8,6,1,531.54,2,NaN,NaN
8,6,1,436.03,2,NaN,NaN
8,6,1,369.07,2,NaN,NaN
8,6,1,385.86,2,NaN,NaN
8,6,1,359.72,2,NaN,NaN
8,6,1,336.98,2,NaN,NaN
8,6,1,393.85,2,NaN,NaN
8,6,1,500.96,2,NaN,NaN
8,6,1,456.46,2,NaN,NaN
8,6,1,650.45,2,NaN,NaN
8,6,1,338.64,2,NaN,NaN
8,6,1,424.21,2,NaN,NaN
8,6,1,327.41,2,NaN,NaN
8,6,1,704.86,2,NaN,NaN
8,6,1,653.68,2,NaN,NaN
8,6,1,514.19,3,NaN,NaN
8,6,1,387.31,3,NaN,NaN
8,6,1,406.83,3,NaN,NaN
8,6,1,386.88,3,NaN,NaN
8,6,1,366.9,3,NaN,NaN
8,6,1,352.12,3,NaN,NaN
8,6,1,586.4,3,NaN,NaN
8,6,1,409.32,3,NaN,NaN
8,6,1,397.11,3,NaN,NaN
8,6,1,462.07,3,NaN,NaN
8,6,1,367.87,3,NaN,NaN
8,6,1,376.51,3,NaN,NaN
8,6,1,354.08,3,NaN,NaN
8,6,1,380.58,3,NaN,NaN
8,6,1,357.77,3,NaN,NaN
8,6,1,356.82,3,NaN,NaN
8,6,1,410.06,3,NaN,NaN
8,6,1,533.81,3,NaN,NaN
8,6,1,369.02,3,NaN,NaN
8,6,1,335.86,3,NaN,NaN
8,6,1,583.63,3,NaN,NaN
8,6,1,542.44,3,NaN,NaN
8,6,1,382.32,3,NaN,NaN
8,6,1,379.33,3,NaN,NaN
8,6,1,574.4,3,NaN,NaN
8,6,1,390.21,3,NaN,NaN
8,6,1,368.45,3,NaN,NaN
8,6,1,364.67,3,NaN,NaN
8,6,1,379.14,3,NaN,NaN
8,6,1,411.35,3,NaN,NaN
8,6,1,519.62,3,NaN,NaN
8,6,1,432.78,3,NaN,NaN
8,6,1,553.41,3,NaN,NaN
8,6,1,543.92,3,NaN,NaN
8,6,1,552.31,3,NaN,NaN
8,6,1,390.08,3,NaN,NaN
8,6,1,416,3,NaN,NaN
8,6,1,489.77,3,NaN,NaN
8,6,1,437.35,3,NaN,NaN
8,6,1,500.81,3,NaN,NaN
8,6,1,434.14,3,NaN,NaN
8,6,1,487.63,3,NaN,NaN
8,6,1,402.1,3,NaN,NaN
8,6,1,325.54,3,NaN,NaN
8,6,1,370.5,3,NaN,NaN
8,6,1,382.14,3,NaN,NaN
8,6,1,412.41,3,NaN,NaN
8,6,1,423.49,3,NaN,NaN
8,6,1,414.73,3,NaN,NaN
8,6,1,556.01,3,NaN,NaN
8,6,1,382.82,3,NaN,NaN
8,6,1,358.74,3,NaN,NaN
8,6,1,477.95,3,NaN,NaN
8,6,1,381.79,3,NaN,NaN
8,6,1,435.19,3,NaN,NaN
8,6,1,412.13,3,NaN,NaN
8,6,1,574.03,3,NaN,NaN
8,6,1,358.13,3,NaN,NaN
8,6,1,390.6,3,NaN,NaN
8,6,1,414.88,3,NaN,NaN
8,6,1,465.91,3,NaN,NaN
8,6,1,390.15,3,NaN,NaN
8,6,1,520.32,3,NaN,NaN
8,6,1,585.94,3,NaN,NaN
8,6,1,347.39,3,NaN,NaN
8,6,1,347.64,3,NaN,NaN
8,6,1,391.16,3,NaN,NaN
8,6,1,412.57,3,NaN,NaN
8,6,1,466.07,3,NaN,NaN
8,6,1,466.97,3,NaN,NaN
8,6,1,414.6,3,NaN,NaN
8,6,1,433.96,3,NaN,NaN
8,6,1,357.91,3,NaN,NaN
8,6,1,413.06,3,NaN,NaN
8,6,1,359.48,3,NaN,NaN
8,6,1,401.12,3,NaN,NaN
8,6,1,370.63,3,NaN,NaN
8,6,1,413.9,3,NaN,NaN
8,6,1,336.82,3,NaN,NaN
8,6,1,436.58,3,NaN,NaN
8,6,1,346.82,3,NaN,NaN
8,6,1,445.07,3,NaN,NaN
8,6,1,380.74,3,NaN,NaN
8,6,1,380.53,3,NaN,NaN
8,6,1,542.61,3,NaN,NaN
8,6,1,391.62,3,NaN,NaN
8,6,1,551.6,3,NaN,NaN
8,6,1,357.91,3,NaN,NaN
8,6,1,336.04,3,NaN,NaN
8,6,1,368.86,3,NaN,NaN
8,6,1,509.81,3,NaN,NaN
8,6,1,444.86,3,NaN,NaN
8,6,1,396.46,4,NaN,NaN
8,6,1,384.75,4,NaN,NaN
8,6,1,385.15,4,NaN,NaN
8,6,1,299.49,4,NaN,NaN
8,6,1,343.33,4,NaN,NaN
8,6,1,428.45,4,NaN,NaN
8,6,1,366.23,4,NaN,NaN
8,6,1,353.63,4,NaN,NaN
8,6,1,354.04,4,NaN,NaN
8,6,1,342.92,4,NaN,NaN
8,6,1,353.57,4,NaN,NaN
8,6,1,568.19,4,NaN,NaN
8,6,1,354.57,4,NaN,NaN
8,6,1,395.13,4,NaN,NaN
8,6,1,449.5,4,NaN,NaN
8,6,1,375.27,4,NaN,NaN
8,6,1,328.1,4,NaN,NaN
8,6,1,500.74,4,NaN,NaN
8,6,1,426.89,4,NaN,NaN
8,6,1,371.51,4,NaN,NaN
8,6,1,413.93,4,NaN,NaN
8,6,1,326.68,4,NaN,NaN
8,6,1,338.24,4,NaN,NaN
8,6,1,380.94,4,NaN,NaN
8,6,1,434.37,4,NaN,NaN
8,6,1,358.98,4,NaN,NaN
8,6,1,424.14,4,NaN,NaN
8,6,1,543.67,4,NaN,NaN
8,6,1,434.54,4,NaN,NaN
8,6,1,391.01,4,NaN,NaN
8,6,1,445.42,4,NaN,NaN
8,6,1,347.07,4,NaN,NaN
8,6,1,380.17,4,NaN,NaN
8,6,1,434.37,4,NaN,NaN
8,6,1,413.76,4,NaN,NaN
8,6,1,369.22,4,NaN,NaN
8,6,1,381.09,4,NaN,NaN
8,6,1,544.5,4,NaN,NaN
8,6,1,414.18,4,NaN,NaN
8,6,1,379.36,4,NaN,NaN
8,6,1,412.85,4,NaN,NaN
8,6,1,337.12,4,NaN,NaN
8,6,1,424.84,4,NaN,NaN
8,6,1,370.05,4,NaN,NaN
8,6,1,412.52,4,NaN,NaN
8,6,1,358.34,4,NaN,NaN
8,6,1,466.18,4,NaN,NaN
8,6,1,415.24,4,NaN,NaN
8,6,1,575.89,4,NaN,NaN
8,6,1,433.51,4,NaN,NaN
8,6,1,326.32,4,NaN,NaN
8,6,1,585.56,4,NaN,NaN
8,6,1,325.6,4,NaN,NaN
8,6,1,358.55,4,NaN,NaN
8,6,1,380.67,4,NaN,NaN
8,6,1,382.29,4,NaN,NaN
8,6,1,414.15,4,NaN,NaN
8,6,1,412.42,4,NaN,NaN
8,6,1,315.33,4,NaN,NaN
8,6,1,369.56,4,NaN,NaN
8,6,1,607.13,4,NaN,NaN
8,6,1,445.22,4,NaN,NaN
8,6,1,358.15,4,NaN,NaN
8,6,1,412.37,4,NaN,NaN
8,6,1,325.74,4,NaN,NaN
8,6,1,423.28,4,NaN,NaN
8,6,1,444.98,4,NaN,NaN
8,6,1,336.56,4,NaN,NaN
8,6,1,380.39,4,NaN,NaN
8,6,1,553.52,4,NaN,NaN
8,6,1,379.68,4,NaN,NaN
8,6,1,413.16,4,NaN,NaN
8,6,1,435.81,4,NaN,NaN
8,6,1,390.14,4,NaN,NaN
8,6,1,455.85,4,NaN,NaN
8,6,1,445.87,4,NaN,NaN
8,6,1,368.71,4,NaN,NaN
8,6,1,553.96,4,NaN,NaN
8,6,1,436.91,4,NaN,NaN
8,6,1,390.48,4,NaN,NaN
8,6,1,347.85,4,NaN,NaN
8,6,1,390.92,4,NaN,NaN
8,6,1,401.12,4,NaN,NaN
8,6,1,434.5,4,NaN,NaN
8,6,1,347.17,4,NaN,NaN
8,6,1,823.08,4,NaN,NaN
8,6,1,533.09,4,NaN,NaN
8,6,1,402.29,4,NaN,NaN
8,6,1,391.04,4,NaN,NaN
8,6,1,380.77,4,NaN,NaN
8,6,1,379.65,4,NaN,NaN
8,6,1,382.12,4,NaN,NaN
8,6,1,530.99,4,NaN,NaN
8,6,1,567.88,5,NaN,NaN
8,6,1,384.1,5,NaN,NaN
8,6,1,513.65,5,NaN,NaN
8,6,1,545.12,5,NaN,NaN
8,6,1,371.55,5,NaN,NaN
8,6,1,600.3,5,NaN,NaN
8,6,1,372.12,5,NaN,NaN
8,6,1,437.53,5,NaN,NaN
8,6,1,662.12,5,NaN,NaN
8,6,1,434.44,5,NaN,NaN
8,6,1,325.54,5,NaN,NaN
8,6,1,346.92,5,NaN,NaN
8,6,1,380.72,5,NaN,NaN
8,6,1,390.19,5,NaN,NaN
8,6,1,758.99,5,NaN,NaN
8,6,1,422.76,5,NaN,NaN
8,6,1,401.92,5,NaN,NaN
8,6,1,469.03,5,NaN,NaN
8,6,1,553.94,5,NaN,NaN
8,6,1,706.25,5,NaN,NaN
8,6,1,415.48,5,NaN,NaN
8,6,1,436.12,5,NaN,NaN
8,6,1,650.66,5,NaN,NaN
8,6,1,652.74,5,NaN,NaN
8,6,1,379.19,5,NaN,NaN
8,6,1,574.1,5,NaN,NaN
8,6,1,401.33,5,NaN,NaN
8,6,1,380.19,5,NaN,NaN
8,6,1,432.61,5,NaN,NaN
8,6,1,410.97,5,NaN,NaN
8,6,1,455.15,5,NaN,NaN
8,6,1,682.44,5,NaN,NaN
8,6,1,379.61,5,NaN,NaN
8,6,1,412.29,5,NaN,NaN
8,6,1,411.86,5,NaN,NaN
8,6,1,423.47,5,NaN,NaN
8,6,1,410.68,5,NaN,NaN
8,6,1,389.55,5,NaN,NaN
8,6,1,758.24,5,NaN,NaN
8,6,1,434.75,5,NaN,NaN
8,6,1,606.22,5,NaN,NaN
8,6,1,357.86,5,NaN,NaN
8,6,1,518.8,5,NaN,NaN
8,6,1,445,5,NaN,NaN
8,6,1,596.95,5,NaN,NaN
8,6,1,335.4,5,NaN,NaN
8,6,1,378.73,5,NaN,NaN
8,6,1,357.23,5,NaN,NaN
8,6,1,465.75,5,NaN,NaN
8,6,1,413.05,5,NaN,NaN
8,6,1,357.43,5,NaN,NaN
8,6,1,357.37,5,NaN,NaN
8,6,1,426.08,5,NaN,NaN
8,6,1,465.82,5,NaN,NaN
8,6,1,640.47,5,NaN,NaN
8,6,1,660.67,5,NaN,NaN
8,6,1,412.65,5,NaN,NaN
8,6,1,585.07,5,NaN,NaN
8,6,1,544.95,5,NaN,NaN
8,6,1,378.92,5,NaN,NaN
8,6,1,432.4,5,NaN,NaN
8,6,1,400.13,5,NaN,NaN
8,6,1,576.33,5,NaN,NaN
8,6,1,357.69,5,NaN,NaN
8,6,1,421.46,5,NaN,NaN
8,6,1,368.45,5,NaN,NaN
8,6,1,391.75,5,NaN,NaN
8,6,1,379.01,5,NaN,NaN
8,6,1,347.06,5,NaN,NaN
8,6,1,368.12,5,NaN,NaN
8,6,1,336.12,5,NaN,NaN
8,6,1,360.47,5,NaN,NaN
8,6,1,411.46,5,NaN,NaN
8,6,1,552.17,5,NaN,NaN
8,6,1,378.82,5,NaN,NaN
8,6,1,346.82,5,NaN,NaN
8,6,1,532.64,5,NaN,NaN
8,6,1,867.35,5,NaN,NaN
8,6,1,390.36,5,NaN,NaN
8,6,1,436.77,5,NaN,NaN
8,6,1,423.38,5,NaN,NaN
8,6,1,400.79,5,NaN,NaN
8,6,1,661.54,5,NaN,NaN
8,6,1,491.51,5,NaN,NaN
8,6,1,520.77,5,NaN,NaN
8,6,1,416.4,5,NaN,NaN
8,6,1,421.46,5,NaN,NaN
8,6,1,368.46,5,NaN,NaN
8,6,1,411.06,5,NaN,NaN
8,6,1,378.7,5,NaN,NaN
8,6,1,346,5,NaN,NaN
9,9,1,502.42,2,NaN,NaN
9,9,1,439.64,2,NaN,NaN
9,9,1,438.06,2,NaN,NaN
9,9,1,448.76,2,NaN,NaN
9,9,1,463.47,2,NaN,NaN
9,9,1,474.31,2,NaN,NaN
9,9,1,398.95,2,NaN,NaN
9,9,1,367.1,2,NaN,NaN
9,9,1,366.39,2,NaN,NaN
9,9,1,367.83,2,NaN,NaN
9,9,1,443.49,2,NaN,NaN
9,9,1,447.98,2,NaN,NaN
9,9,1,368.38,2,NaN,NaN
9,9,1,410.68,2,NaN,NaN
9,9,1,369.48,2,NaN,NaN
9,9,1,411.51,2,NaN,NaN
9,9,1,302.63,2,NaN,NaN
9,9,1,336.09,2,NaN,NaN
9,9,1,431.24,2,NaN,NaN
9,9,1,442.67,2,NaN,NaN
9,9,1,387.95,2,NaN,NaN
9,9,1,409.65,2,NaN,NaN
9,9,1,409.84,2,NaN,NaN
9,9,1,549.38,2,NaN,NaN
9,9,1,398.74,2,NaN,NaN
9,9,1,411.37,2,NaN,NaN
9,9,1,421.02,2,NaN,NaN
9,9,1,345.15,2,NaN,NaN
9,9,1,367.61,2,NaN,NaN
9,9,1,312.87,2,NaN,NaN
9,9,1,366.79,2,NaN,NaN
9,9,1,376.47,2,NaN,NaN
9,9,1,387.09,2,NaN,NaN
9,9,1,464.77,2,NaN,NaN
9,9,1,356.18,2,NaN,NaN
9,9,1,345.05,2,NaN,NaN
9,9,1,377.15,2,NaN,NaN
9,9,1,430.89,2,NaN,NaN
9,9,1,442.11,2,NaN,NaN
9,9,1,420.24,2,NaN,NaN
9,9,1,364.81,2,NaN,NaN
9,9,1,347.32,2,NaN,NaN
9,9,1,328.22,2,NaN,NaN
9,9,1,424.74,2,NaN,NaN
9,9,1,444.33,2,NaN,NaN
9,9,1,455.18,2,NaN,NaN
9,9,1,359.37,2,NaN,NaN
9,9,1,391.87,2,NaN,NaN
9,9,1,360.28,2,NaN,NaN
9,9,1,391.56,2,NaN,NaN
9,9,1,391.44,2,NaN,NaN
9,9,1,325.3,2,NaN,NaN
9,9,1,383.86,2,NaN,NaN
9,9,1,380.88,2,NaN,NaN
9,9,1,370.64,2,NaN,NaN
9,9,1,434.28,2,NaN,NaN
9,9,1,412.4,2,NaN,NaN
9,9,1,369.69,2,NaN,NaN
9,9,1,424.41,2,NaN,NaN
9,9,1,423.98,2,NaN,NaN
9,9,1,380.13,2,NaN,NaN
9,9,1,380.28,2,NaN,NaN
9,9,1,391.25,2,NaN,NaN
9,9,1,358.09,2,NaN,NaN
9,9,1,359.56,2,NaN,NaN
9,9,1,358.71,2,NaN,NaN
9,9,1,380.9,2,NaN,NaN
9,9,1,380.46,2,NaN,NaN
9,9,1,477.69,2,NaN,NaN
9,9,1,359.22,2,NaN,NaN
9,9,1,364.42,2,NaN,NaN
9,9,1,380.2,2,NaN,NaN
9,9,1,315.31,2,NaN,NaN
9,9,1,381.14,2,NaN,NaN
9,9,1,523.68,2,NaN,NaN
9,9,1,380.46,2,NaN,NaN
9,9,1,360.76,2,NaN,NaN
9,9,1,434.14,2,NaN,NaN
9,9,1,358.84,2,NaN,NaN
9,9,1,396.12,2,NaN,NaN
9,9,1,348.2,2,NaN,NaN
9,9,1,359.98,2,NaN,NaN
9,9,1,549.4,2,NaN,NaN
9,9,1,545.36,2,NaN,NaN
9,9,1,412.85,2,NaN,NaN
9,9,1,369.31,2,NaN,NaN
9,9,1,381.31,2,NaN,NaN
9,9,1,445.59,2,NaN,NaN
9,9,1,423.52,2,NaN,NaN
9,9,1,460.71,3,NaN,NaN
9,9,1,461.31,3,NaN,NaN
9,9,1,374.87,3,NaN,NaN
9,9,1,437.9,3,NaN,NaN
9,9,1,320.8,3,NaN,NaN
9,9,1,372.56,3,NaN,NaN
9,9,1,464.04,3,NaN,NaN
9,9,1,344.05,3,NaN,NaN
9,9,1,408.31,3,NaN,NaN
9,9,1,367.31,3,NaN,NaN
9,9,1,407.68,3,NaN,NaN
9,9,1,627.56,3,NaN,NaN
9,9,1,400.98,3,NaN,NaN
9,9,1,355.85,3,NaN,NaN
9,9,1,466.86,3,NaN,NaN
9,9,1,357.35,3,NaN,NaN
9,9,1,349.39,3,NaN,NaN
9,9,1,413.29,3,NaN,NaN
9,9,1,404.97,3,NaN,NaN
9,9,1,357.73,3,NaN,NaN
9,9,1,455.16,3,NaN,NaN
9,9,1,368.17,3,NaN,NaN
9,9,1,433.14,3,NaN,NaN
9,9,1,379.29,3,NaN,NaN
9,9,1,380.12,3,NaN,NaN
9,9,1,359.61,3,NaN,NaN
9,9,1,393.11,3,NaN,NaN
9,9,1,400.95,3,NaN,NaN
9,9,1,356.79,3,NaN,NaN
9,9,1,411.69,3,NaN,NaN
9,9,1,379.33,3,NaN,NaN
9,9,1,512.03,3,NaN,NaN
9,9,1,358.49,3,NaN,NaN
9,9,1,422.73,3,NaN,NaN
9,9,1,389.7,3,NaN,NaN
9,9,1,414.25,3,NaN,NaN
9,9,1,426.27,3,NaN,NaN
9,9,1,401.79,3,NaN,NaN
9,9,1,335.82,3,NaN,NaN
9,9,1,406.18,3,NaN,NaN
9,9,1,359.1,3,NaN,NaN
9,9,1,361.58,3,NaN,NaN
9,9,1,348.6,3,NaN,NaN
9,9,1,358.67,3,NaN,NaN
9,9,1,390.83,3,NaN,NaN
9,9,1,423.03,3,NaN,NaN
9,9,1,358.23,3,NaN,NaN
9,9,1,402.56,3,NaN,NaN
9,9,1,336.59,3,NaN,NaN
9,9,1,480.2,3,NaN,NaN
9,9,1,326.42,3,NaN,NaN
9,9,1,424.34,3,NaN,NaN
9,9,1,391.37,3,NaN,NaN
9,9,1,411.97,3,NaN,NaN
9,9,1,445.81,3,NaN,NaN
9,9,1,598.43,3,NaN,NaN
9,9,1,477.31,3,NaN,NaN
9,9,1,434.44,3,NaN,NaN
9,9,1,347.49,3,NaN,NaN
9,9,1,423.03,3,NaN,NaN
9,9,1,390.69,3,NaN,NaN
9,9,1,392.61,3,NaN,NaN
9,9,1,358.55,3,NaN,NaN
9,9,1,369.44,3,NaN,NaN
9,9,1,371.39,3,NaN,NaN
9,9,1,379.84,3,NaN,NaN
9,9,1,326.91,3,NaN,NaN
9,9,1,412.34,3,NaN,NaN
9,9,1,574.38,3,NaN,NaN
9,9,1,413.09,3,NaN,NaN
9,9,1,379.73,3,NaN,NaN
9,9,1,425.2,3,NaN,NaN
9,9,1,424.64,3,NaN,NaN
9,9,1,360.61,3,NaN,NaN
9,9,1,358.76,3,NaN,NaN
9,9,1,336.61,3,NaN,NaN
9,9,1,379.81,3,NaN,NaN
9,9,1,359.16,3,NaN,NaN
9,9,1,379.66,3,NaN,NaN
9,9,1,336.4,3,NaN,NaN
9,9,1,347.32,3,NaN,NaN
9,9,1,530.75,3,NaN,NaN
9,9,1,390.41,3,NaN,NaN
9,9,1,392.8,3,NaN,NaN
9,9,1,347.63,3,NaN,NaN
9,9,1,490.86,3,NaN,NaN
9,9,1,411.75,3,NaN,NaN
9,9,1,369.16,3,NaN,NaN
9,9,1,333.21,3,NaN,NaN
9,9,1,370.36,3,NaN,NaN
9,9,1,402.02,3,NaN,NaN
9,9,1,419.68,4,NaN,NaN
9,9,1,428.16,4,NaN,NaN
9,9,1,342.94,4,NaN,NaN
9,9,1,345.65,4,NaN,NaN
9,9,1,406.52,4,NaN,NaN
9,9,1,310.51,4,NaN,NaN
9,9,1,321.12,4,NaN,NaN
9,9,1,378.25,4,NaN,NaN
9,9,1,396.41,4,NaN,NaN
9,9,1,377.13,4,NaN,NaN
9,9,1,374.53,4,NaN,NaN
9,9,1,428.88,4,NaN,NaN
9,9,1,372.13,4,NaN,NaN
9,9,1,380.37,4,NaN,NaN
9,9,1,511.47,4,NaN,NaN
9,9,1,469.13,4,NaN,NaN
9,9,1,435.6,4,NaN,NaN
9,9,1,434.43,4,NaN,NaN
9,9,1,315.66,4,NaN,NaN
9,9,1,424.57,4,NaN,NaN
9,9,1,424.52,4,NaN,NaN
9,9,1,305.93,4,NaN,NaN
9,9,1,326,4,NaN,NaN
9,9,1,380.97,4,NaN,NaN
9,9,1,359.2,4,NaN,NaN
9,9,1,358.97,4,NaN,NaN
9,9,1,597.51,4,NaN,NaN
9,9,1,532.8,4,NaN,NaN
9,9,1,391.22,4,NaN,NaN
9,9,1,304.15,4,NaN,NaN
9,9,1,498.74,4,NaN,NaN
9,9,1,522.67,4,NaN,NaN
9,9,1,402.84,4,NaN,NaN
9,9,1,358.33,4,NaN,NaN
9,9,1,358.38,4,NaN,NaN
9,9,1,354.72,4,NaN,NaN
9,9,1,357.73,4,NaN,NaN
9,9,1,390.01,4,NaN,NaN
9,9,1,456.33,4,NaN,NaN
9,9,1,468.12,4,NaN,NaN
9,9,1,412.28,4,NaN,NaN
9,9,1,565.15,4,NaN,NaN
9,9,1,379.55,4,NaN,NaN
9,9,1,324.98,4,NaN,NaN
9,9,1,413.79,4,NaN,NaN
9,9,1,368.81,4,NaN,NaN
9,9,1,413.82,4,NaN,NaN
9,9,1,513.6,4,NaN,NaN
9,9,1,415.04,4,NaN,NaN
9,9,1,417.24,4,NaN,NaN
9,9,1,358.51,4,NaN,NaN
9,9,1,412.52,4,NaN,NaN
9,9,1,412.47,4,NaN,NaN
9,9,1,380.2,4,NaN,NaN
9,9,1,434.1,4,NaN,NaN
9,9,1,392.59,4,NaN,NaN
9,9,1,574.95,4,NaN,NaN
9,9,1,390.76,4,NaN,NaN
9,9,1,380.6,4,NaN,NaN
9,9,1,403.45,4,NaN,NaN
9,9,1,498.9,4,NaN,NaN
9,9,1,467,4,NaN,NaN
9,9,1,368.51,4,NaN,NaN
9,9,1,347.78,4,NaN,NaN
9,9,1,364.14,4,NaN,NaN
9,9,1,336.46,4,NaN,NaN
9,9,1,573.96,4,NaN,NaN
9,9,1,326.53,4,NaN,NaN
9,9,1,433.19,4,NaN,NaN
9,9,1,563.85,4,NaN,NaN
9,9,1,402.04,4,NaN,NaN
9,9,1,587.73,4,NaN,NaN
9,9,1,346.54,4,NaN,NaN
9,9,1,455.9,4,NaN,NaN
9,9,1,543.42,4,NaN,NaN
9,9,1,466.43,4,NaN,NaN
9,9,1,368.67,4,NaN,NaN
9,9,1,520.06,4,NaN,NaN
9,9,1,379.28,4,NaN,NaN
9,9,1,380.61,4,NaN,NaN
9,9,1,325.97,4,NaN,NaN
9,9,1,380.72,4,NaN,NaN
9,9,1,519.57,4,NaN,NaN
9,9,1,314.55,4,NaN,NaN
9,9,1,596.78,4,NaN,NaN
9,9,1,434.63,4,NaN,NaN
9,9,1,380.11,4,NaN,NaN
9,9,1,390.94,4,NaN,NaN
9,9,1,357.84,4,NaN,NaN
9,9,1,576.75,4,NaN,NaN
9,9,1,396.1,5,NaN,NaN
9,9,1,437.45,5,NaN,NaN
9,9,1,375.17,5,NaN,NaN
9,9,1,446.9,5,NaN,NaN
9,9,1,363.76,5,NaN,NaN
9,9,1,416.66,5,NaN,NaN
9,9,1,374.57,5,NaN,NaN
9,9,1,413.17,5,NaN,NaN
9,9,1,392.41,5,NaN,NaN
9,9,1,401.98,5,NaN,NaN
9,9,1,423.09,5,NaN,NaN
9,9,1,381.4,5,NaN,NaN
9,9,1,401.06,5,NaN,NaN
9,9,1,405.22,5,NaN,NaN
9,9,1,357.98,5,NaN,NaN
9,9,1,444.45,5,NaN,NaN
9,9,1,326.86,5,NaN,NaN
9,9,1,434.9,5,NaN,NaN
9,9,1,434.19,5,NaN,NaN
9,9,1,434.76,5,NaN,NaN
9,9,1,479.64,5,NaN,NaN
9,9,1,523.23,5,NaN,NaN
9,9,1,466.51,5,NaN,NaN
9,9,1,587.33,5,NaN,NaN
9,9,1,391.03,5,NaN,NaN
9,9,1,488.78,5,NaN,NaN
9,9,1,412.37,5,NaN,NaN
9,9,1,544.88,5,NaN,NaN
9,9,1,411.75,5,NaN,NaN
9,9,1,434.52,5,NaN,NaN
9,9,1,368.52,5,NaN,NaN
9,9,1,392.93,5,NaN,NaN
9,9,1,390.1,5,NaN,NaN
9,9,1,348.94,5,NaN,NaN
9,9,1,358.6,5,NaN,NaN
9,9,1,357.84,5,NaN,NaN
9,9,1,465.05,5,NaN,NaN
9,9,1,325.41,5,NaN,NaN
9,9,1,411.46,5,NaN,NaN
9,9,1,379.02,5,NaN,NaN
9,9,1,358.88,5,NaN,NaN
9,9,1,518.97,5,NaN,NaN
9,9,1,367.83,5,NaN,NaN
9,9,1,335.23,5,NaN,NaN
9,9,1,325.29,5,NaN,NaN
9,9,1,314.89,5,NaN,NaN
9,9,1,348.55,5,NaN,NaN
9,9,1,367.76,5,NaN,NaN
9,9,1,411.26,5,NaN,NaN
9,9,1,335.38,5,NaN,NaN
9,9,1,443.89,5,NaN,NaN
9,9,1,410.61,5,NaN,NaN
9,9,1,400.51,5,NaN,NaN
9,9,1,551.92,5,NaN,NaN
9,9,1,421.79,5,NaN,NaN
9,9,1,421.71,5,NaN,NaN
9,9,1,423.5,5,NaN,NaN
9,9,1,572.46,5,NaN,NaN
9,9,1,550.85,5,NaN,NaN
9,9,1,454.54,5,NaN,NaN
9,9,1,433.31,5,NaN,NaN
9,9,1,453.41,5,NaN,NaN
9,9,1,446.21,5,NaN,NaN
9,9,1,379.33,5,NaN,NaN
9,9,1,357.83,5,NaN,NaN
9,9,1,519.95,5,NaN,NaN
9,9,1,326.39,5,NaN,NaN
9,9,1,338.2,5,NaN,NaN
9,9,1,360.13,5,NaN,NaN
9,9,1,358.46,5,NaN,NaN
9,9,1,401.31,5,NaN,NaN
9,9,1,379.35,5,NaN,NaN
9,9,1,389.37,5,NaN,NaN
9,9,1,369.16,5,NaN,NaN
9,9,1,357.78,5,NaN,NaN
9,9,1,390.44,5,NaN,NaN
9,9,1,432.98,5,NaN,NaN
9,9,1,390.25,5,NaN,NaN
9,9,1,415.48,5,NaN,NaN
9,9,1,412.61,5,NaN,NaN
9,9,1,423.13,5,NaN,NaN
9,9,1,434.96,5,NaN,NaN
9,9,1,392.11,5,NaN,NaN
9,9,1,399.79,5,NaN,NaN
9,9,1,400.46,5,NaN,NaN
9,9,1,378.95,5,NaN,NaN
9,9,1,335.54,5,NaN,NaN
9,9,1,324.22,5,NaN,NaN
9,9,1,314.75,5,NaN,NaN
9,9,1,454.31,5,NaN,NaN
9,9,1,325.22,5,NaN,NaN
9,9,1,431.75,5,NaN,NaN
