1,7,1,463.91,2,0,0
1,7,1,481.49,2,0,0
1,7,1,471.09,2,0,0
1,7,1,485.92,2,0,0
1,7,1,425.62,2,0,0
1,7,1,429.07,2,0,0
1,7,1,421.96,2,0,0
1,7,1,434.68,2,0,0
1,7,1,512.23,2,0,0
1,7,1,509.95,2,0,0
1,7,1,501.98,2,0,0
1,7,1,547.97,2,0,0
1,7,1,477.92,2,0,0
1,7,1,542.17,2,0,0
1,7,1,489.74,2,0,0
1,7,1,420.93,2,0,0
1,7,1,513.65,2,0,0
1,7,1,536.91,2,0,0
1,7,1,536.1,2,0,0
1,7,1,525.62,2,0,0
1,7,1,412.29,2,0,0
1,7,1,374.74,2,0,0
1,7,1,561.76,2,0,0
1,7,1,620.49,2,0,0
1,7,1,462.49,2,0,0
1,7,1,474.62,2,0,0
1,7,1,440.52,2,0,0
1,7,1,482.46,2,0,0
1,7,1,488.32,2,0,0
1,7,1,704.35,2,0,0
1,7,1,517.9,2,0,0
1,7,1,356.14,2,0,0
1,7,1,434.13,2,0,0
1,7,1,571.09,2,0,0
1,7,1,446.6,2,0,0
1,7,1,467.18,2,0,0
1,7,1,471.28,2,0,0
1,7,1,460.58,2,0,0
1,7,1,442.83,2,0,0
1,7,1,479.83,2,0,0
1,7,1,502.78,2,0,0
1,7,1,458.22,2,0,0
1,7,1,623.39,2,0,0
1,7,1,488.52,2,0,0
1,7,1,480.49,2,0,0
1,7,1,502.76,2,0,0
1,7,1,578.47,2,0,0
1,7,1,413.65,2,0,0
1,7,1,495.45,2,0,0
1,7,1,534.46,2,0,0
1,7,1,444.7,2,0,0
1,7,1,480.67,2,0,0
1,7,1,576.98,2,0,0
1,7,1,443.83,2,0,0
1,7,1,567.64,2,0,0
1,7,1,468.28,2,0,0
1,7,1,427.31,2,0,0
1,7,1,420.04,2,0,0
1,7,1,383.28,2,0,0
1,7,1,672.03,2,0,0
1,7,1,611.85,2,0,0
1,7,1,588.87,2,0,0
1,7,1,632.33,2,0,0
1,7,1,477.12,2,0,0
1,7,1,385.61,2,0,0
1,7,1,459.06,2,0,0
1,7,1,494.47,2,0,0
1,7,1,523.65,2,0,0
1,7,1,383.12,2,0,0
1,7,1,468.49,2,0,0
1,7,1,482.43,2,0,0
1,7,1,541.97,2,0,0
1,7,1,455.74,2,0,0
1,7,1,554.73,2,0,0
1,7,1,473.6,2,0,0
1,7,1,516.31,2,0,0
1,7,1,429.21,2,0,0
1,7,1,409.76,2,0,0
1,7,1,566.26,2,0,0
1,7,1,541.66,2,0,0
1,7,1,495.51,2,0,0
1,7,1,466.12,2,0,0
1,7,1,455.54,2,0,0
1,7,1,526.48,2,0,0
1,7,1,514.54,2,0,0
1,7,1,430.77,2,0,0
1,7,1,342.17,2,0,0
1,7,1,493.76,2,0,0
1,7,1,429.16,2,0,0
1,7,1,386.48,2,0,0
1,7,1,479.19,2,0,0
1,7,1,483.71,2,0,0
1,7,1,460.07,2,0,0
1,7,1,551.26,3,0,0
1,7,1,414.27,3,0,0
1,7,1,403.24,3,0,0
1,7,1,440.89,3,0,0
1,7,1,438.97,3,0,0
1,7,1,346.08,3,0,0
1,7,1,382.04,3,0,0
1,7,1,411.04,3,0,0
1,7,1,559.22,3,0,0
1,7,1,415.16,3,0,0
1,7,1,442.52,3,0,0
1,7,1,358.98,3,0,0
1,7,1,586.43,3,0,0
1,7,1,451.58,3,0,0
1,7,1,431.67,3,0,0
1,7,1,383.59,3,0,0
1,7,1,587.7,3,0,0
1,7,1,466.96,3,0,0
1,7,1,453.37,3,0,0
1,7,1,353.28,3,0,0
1,7,1,375.08,3,0,0
1,7,1,384.4,3,0,0
1,7,1,420.52,3,0,0
1,7,1,387.71,3,0,0
1,7,1,398.37,3,0,0
1,7,1,365.54,3,0,0
1,7,1,456.19,3,0,0
1,7,1,415.99,3,0,0
1,7,1,647.21,3,0,0
1,7,1,662.53,3,0,0
1,7,1,510.5,3,0,0
1,7,1,455.91,3,0,0
1,7,1,453.05,3,0,0
1,7,1,512.21,3,0,0
1,7,1,376.08,3,0,0
1,7,1,446.01,3,0,0
1,7,1,693.93,3,0,0
1,7,1,412.47,3,0,0
1,7,1,441.76,3,0,0
1,7,1,359.57,3,0,0
1,7,1,599.59,3,0,0
1,7,1,523.57,3,0,0
1,7,1,483.5,3,0,0
1,7,1,431.63,3,0,0
1,7,1,413.46,3,0,0
1,7,1,534.59,3,0,0
1,7,1,626.63,3,0,0
1,7,1,490.72,3,0,0
1,7,1,421.29,3,0,0
1,7,1,545.78,3,0,0
1,7,1,602.38,3,0,0
1,7,1,583.1,3,0,0
1,7,1,441.09,3,0,0
1,7,1,449.15,3,0,0
1,7,1,551.87,3,0,0
1,7,1,533.97,3,0,0
1,7,1,425.38,3,0,0
1,7,1,427.84,3,0,0
1,7,1,395.73,3,0,0
1,7,1,421.19,3,0,0
1,7,1,467.82,3,0,0
1,7,1,641.26,3,0,0
1,7,1,542.72,3,0,0
1,7,1,500.21,3,0,0
1,7,1,383.01,3,0,0
1,7,1,408.36,3,0,0
1,7,1,670.96,3,0,0
1,7,1,444.39,3,0,0
1,7,1,437.61,3,0,0
1,7,1,421.66,3,0,0
1,7,1,540.86,3,0,0
1,7,1,448.16,3,0,0
1,7,1,606.88,3,0,0
1,7,1,433.49,3,0,0
1,7,1,579.61,3,0,0
1,7,1,398.83,3,0,0
1,7,1,537.26,3,0,0
1,7,1,519.29,3,0,0
1,7,1,448.43,3,0,0
1,7,1,425.08,3,0,0
1,7,1,579.1,3,0,0
1,7,1,429.04,3,0,0
1,7,1,487.17,3,0,0
1,7,1,604.09,3,0,0
1,7,1,510.03,3,0,0
1,7,1,559.47,3,0,0
1,7,1,403.59,3,0,0
1,7,1,422.87,3,0,0
1,7,1,382.76,3,0,0
1,7,1,500.94,3,0,0
1,7,1,460.99,3,0,0
1,7,1,539.7,3,0,0
1,7,1,612.35,3,0,0
1,7,1,636.12,4,0,0
1,7,1,277.83,4,0,0
1,7,1,407.31,4,0,0
1,7,1,373.45,4,0,0
1,7,1,384.85,4,0,0
1,7,1,451.81,4,0,0
1,7,1,429.87,4,0,0
1,7,1,397.49,4,0,0
1,7,1,410.04,4,0,0
1,7,1,409.97,4,0,0
1,7,1,459.85,4,0,0
1,7,1,379.71,4,0,0
1,7,1,343.54,4,0,0
1,7,1,466.99,4,0,0
1,7,1,421.72,4,0,0
1,7,1,378.1,4,0,0
1,7,1,407.89,4,0,0
1,7,1,409.19,4,0,0
1,7,1,441.02,4,0,0
1,7,1,376.49,4,0,0
1,7,1,405.77,4,0,0
1,7,1,431.16,4,0,0
1,7,1,447.23,4,0,0
1,7,1,559.11,4,0,0
1,7,1,369.75,4,0,0
1,7,1,541.8,4,0,0
1,7,1,379.62,4,0,0
1,7,1,443.83,4,0,0
1,7,1,403.19,4,0,0
1,7,1,528.57,4,0,0
1,7,1,579.93,4,0,0
1,7,1,476.75,4,0,0
1,7,1,439.35,4,0,0
1,7,1,303.34,4,0,0
1,7,1,473.63,4,0,0
1,7,1,415.31,4,0,0
1,7,1,423.96,4,0,0
1,7,1,451.47,4,0,0
1,7,1,430.31,4,0,0
1,7,1,366.42,4,0,0
1,7,1,387.2,4,0,0
1,7,1,702.44,4,0,0
1,7,1,403.61,4,0,0
1,7,1,561.39,4,0,0
1,7,1,373.25,4,0,0
1,7,1,390.03,4,0,0
1,7,1,396.53,4,0,0
1,7,1,409.86,4,0,0
1,7,1,387.71,4,0,0
1,7,1,350.95,4,0,0
1,7,1,457.51,4,0,0
1,7,1,337.66,4,0,0
1,7,1,430.77,4,0,0
1,7,1,463.3,4,0,0
1,7,1,521.36,4,0,0
1,7,1,415.44,4,0,0
1,7,1,400.62,4,0,0
1,7,1,413.58,4,0,0
1,7,1,382.25,4,0,0
1,7,1,413.46,4,0,0
1,7,1,466.77,4,0,0
1,7,1,444.8,4,0,0
1,7,1,357.44,4,0,0
1,7,1,346.7,4,0,0
1,7,1,429.08,4,0,0
1,7,1,503.3,4,0,0
1,7,1,418.82,4,0,0
1,7,1,456.26,4,0,0
1,7,1,406.97,4,0,0
1,7,1,469.64,4,0,0
1,7,1,687.88,4,0,0
1,7,1,501.41,4,0,0
1,7,1,377.64,4,0,0
1,7,1,540.86,4,0,0
1,7,1,554.2,4,0,0
1,7,1,575.4,4,0,0
1,7,1,350.18,4,0,0
1,7,1,449.37,4,0,0
1,7,1,449.24,4,0,0
1,7,1,525.29,4,0,0
1,7,1,532.5,4,0,0
1,7,1,628.43,4,0,0
1,7,1,678.68,4,0,0
1,7,1,505.28,4,0,0
1,7,1,500.62,4,0,0
1,7,1,523.24,4,0,0
1,7,1,564.9,4,0,0
1,7,1,607.47,4,0,0
1,7,1,444.14,4,0,0
1,7,1,375.36,5,0,0
1,7,1,393.86,5,0,0
1,7,1,339.52,5,0,0
1,7,1,458.22,5,0,0
1,7,1,390.98,5,0,0
1,7,1,401.33,5,0,0
1,7,1,403.21,5,0,0
1,7,1,335,5,0,0
1,7,1,372.25,5,0,0
1,7,1,383.47,5,0,0
1,7,1,438.53,5,0,0
1,7,1,416.46,5,0,0
1,7,1,443.22,5,0,0
1,7,1,545.32,5,0,0
1,7,1,489.03,5,0,0
1,7,1,449.64,5,0,0
1,7,1,444.17,5,0,0
1,7,1,424.01,5,0,0
1,7,1,542.71,5,0,0
1,7,1,456.85,5,0,0
1,7,1,375.47,5,0,0
1,7,1,596.93,5,0,0
1,7,1,421.67,5,0,0
1,7,1,390.61,5,0,0
1,7,1,364.53,5,0,0
1,7,1,397.85,5,0,0
1,7,1,421.68,5,0,0
1,7,1,406.28,5,0,0
1,7,1,354.83,5,0,0
1,7,1,426.07,5,0,0
1,7,1,603.27,5,0,0
1,7,1,418.56,5,0,0
1,7,1,430.3,5,0,0
1,7,1,523.37,5,0,0
1,7,1,453.96,5,0,0
1,7,1,618.69,5,0,0
1,7,1,333.32,5,0,0
1,7,1,414.5,5,0,0
1,7,1,518.35,5,0,0
1,7,1,417.77,5,0,0
1,7,1,412.43,5,0,0
1,7,1,653.9,5,0,0
1,7,1,583.98,5,0,0
1,7,1,569.95,5,0,0
1,7,1,435.35,5,0,0
1,7,1,807.94,5,0,0
1,7,1,594.62,5,0,0
1,7,1,399.57,5,0,0
1,7,1,384.06,5,0,0
1,7,1,432.91,5,0,0
1,7,1,423.39,5,0,0
1,7,1,569.99,5,0,0
1,7,1,421.95,5,0,0
1,7,1,494.03,5,0,0
1,7,1,532.02,5,0,0
1,7,1,517.92,5,0,0
1,7,1,549.82,5,0,0
1,7,1,398.45,5,0,0
1,7,1,608.24,5,0,0
1,7,1,514.38,5,0,0
1,7,1,463.31,5,0,0
1,7,1,447.65,5,0,0
1,7,1,560.1,5,0,0
1,7,1,807.88,5,0,0
1,7,1,601.88,5,0,0
1,7,1,388.06,5,0,0
1,7,1,530.12,5,0,0
1,7,1,778.05,5,0,0
1,7,1,414.86,5,0,0
1,7,1,435.91,5,0,0
1,7,1,417,5,0,0
1,7,1,392.88,5,0,0
1,7,1,447.73,5,0,0
1,7,1,424.34,5,0,0
1,7,1,563.68,5,0,0
1,7,1,382.92,5,0,0
1,7,1,387.48,5,0,0
1,7,1,421.46,5,0,0
1,7,1,407.09,5,0,0
1,7,1,388.93,5,0,0
1,7,1,350.95,5,0,0
1,7,1,397.41,5,0,0
1,7,1,374.1,5,0,0
1,7,1,346.09,5,0,0
1,7,1,409.27,5,0,0
1,7,1,368.37,5,0,0
1,7,1,418.24,5,0,0
1,7,1,652.88,5,0,0
1,7,1,532.18,5,0,0
1,7,1,383.57,5,0,0
2,8,1,970.5,2,0,1
2,8,1,857.53,2,0,1
2,8,1,433.45,2,0,1
2,8,1,490.55,2,0,1
2,8,1,461.18,2,0,1
2,8,1,520.37,2,0,1
2,8,1,428.8,2,0,1
2,8,1,531.67,2,0,1
2,8,1,686.9,2,0,1
2,8,1,617.68,2,0,1
2,8,1,499.72,2,0,1
2,8,1,565.21,2,0,1
2,8,1,577.96,2,0,1
2,8,1,576.2,2,0,1
2,8,1,502.09,2,0,1
2,8,1,497.43,2,0,1
2,8,1,520.56,2,0,1
2,8,1,543.12,2,0,1
2,8,1,531.37,2,0,1
2,8,1,508.09,2,0,1
2,8,1,717.58,2,0,1
2,8,1,818.64,2,0,1
2,8,1,598.33,2,0,1
2,8,1,593.79,2,0,1
2,8,1,668.62,2,0,1
2,8,1,559.32,2,0,1
2,8,1,687.49,2,0,1
2,8,1,660.88,2,0,1
2,8,1,491.71,2,0,1
2,8,1,520.79,2,0,1
2,8,1,726.59,2,0,1
2,8,1,464.9,2,0,1
2,8,1,705.9,2,0,1
2,8,1,543.9,2,0,1
2,8,1,694.67,2,0,1
2,8,1,492.3,2,0,1
2,8,1,574.6,2,0,1
2,8,1,803.18,2,0,1
2,8,1,529.89,2,0,1
2,8,1,524.79,2,0,1
2,8,1,630.48,2,0,1
2,8,1,623.26,2,0,1
2,8,1,991.41,2,0,1
2,8,1,684.98,2,0,1
2,8,1,607.81,2,0,1
2,8,1,856.88,2,0,1
2,8,1,929.25,2,0,1
2,8,1,506.05,2,0,1
2,8,1,671.6,2,0,1
2,8,1,498.28,2,0,1
2,8,1,601.15,2,0,1
2,8,1,615.87,2,0,1
2,8,1,502.71,2,0,1
2,8,1,616.89,2,0,1
2,8,1,779.55,2,0,1
2,8,1,574.27,2,0,1
2,8,1,723.61,2,0,1
2,8,1,514.2,2,0,1
2,8,1,567.09,2,0,1
2,8,1,715.63,2,0,1
2,8,1,719.95,2,0,1
2,8,1,482.21,2,0,1
2,8,1,457.12,2,0,1
2,8,1,813.74,2,0,1
2,8,1,711.15,2,0,1
2,8,1,620.3,2,0,1
2,8,1,491.64,2,0,1
2,8,1,563.92,2,0,1
2,8,1,513.8,2,0,1
2,8,1,500.5,2,0,1
2,8,1,529.8,2,0,1
2,8,1,589.32,2,0,1
2,8,1,751.09,2,0,1
2,8,1,472.54,2,0,1
2,8,1,524.56,2,0,1
2,8,1,596.84,2,0,1
2,8,1,536.26,2,0,1
2,8,1,531.63,2,0,1
2,8,1,530.34,2,0,1
2,8,1,601.52,2,0,1
2,8,1,711.95,2,0,1
2,8,1,517.51,2,0,1
2,8,1,515.34,2,0,1
2,8,1,487.34,2,0,1
2,8,1,485.7,2,0,1
2,8,1,697.75,2,0,1
2,8,1,840.58,2,0,1
2,8,1,551.99,2,0,1
2,8,1,618.78,2,0,1
2,8,1,694.73,3,0,1
2,8,1,508.26,3,0,1
2,8,1,476.86,3,0,1
2,8,1,455.89,3,0,1
2,8,1,445.34,3,0,1
2,8,1,742.46,3,0,1
2,8,1,443.04,3,0,1
2,8,1,701.78,3,0,1
2,8,1,419.1,3,0,1
2,8,1,420.35,3,0,1
2,8,1,541.98,3,0,1
2,8,1,521.62,3,0,1
2,8,1,636.04,3,0,1
2,8,1,515.59,3,0,1
2,8,1,456.89,3,0,1
2,8,1,426.99,3,0,1
2,8,1,680.92,3,0,1
2,8,1,431.02,3,0,1
2,8,1,507.04,3,0,1
2,8,1,471.18,3,0,1
2,8,1,471.1,3,0,1
2,8,1,438.28,3,0,1
2,8,1,480.91,3,0,1
2,8,1,597.3,3,0,1
2,8,1,620.03,3,0,1
2,8,1,399.74,3,0,1
2,8,1,489.28,3,0,1
2,8,1,471.81,3,0,1
2,8,1,449.85,3,0,1
2,8,1,631.04,3,0,1
2,8,1,625.82,3,0,1
2,8,1,449.73,3,0,1
2,8,1,432.45,3,0,1
2,8,1,670.19,3,0,1
2,8,1,715.64,3,0,1
2,8,1,473.76,3,0,1
2,8,1,474.27,3,0,1
2,8,1,663.81,3,0,1
2,8,1,1041.4,3,0,1
2,8,1,535.73,3,0,1
2,8,1,738.88,3,0,1
2,8,1,578.2,3,0,1
2,8,1,524.21,3,0,1
2,8,1,391.24,3,0,1
2,8,1,360.01,3,0,1
2,8,1,516.03,3,0,1
2,8,1,626.63,3,0,1
2,8,1,473.82,3,0,1
2,8,1,584.5,3,0,1
2,8,1,647.86,3,0,1
2,8,1,451.92,3,0,1
2,8,1,714.97,3,0,1
2,8,1,545.15,3,0,1
2,8,1,655.88,3,0,1
2,8,1,573.84,3,0,1
2,8,1,622.39,3,0,1
2,8,1,494.98,3,0,1
2,8,1,380.71,3,0,1
2,8,1,425.38,3,0,1
2,8,1,457.49,3,0,1
2,8,1,432.61,3,0,1
2,8,1,464.22,3,0,1
2,8,1,544.34,3,0,1
2,8,1,748.14,3,0,1
2,8,1,415,3,0,1
2,8,1,663.54,3,0,1
2,8,1,473.49,3,0,1
2,8,1,576.35,3,0,1
2,8,1,495.68,3,0,1
2,8,1,543.29,3,0,1
2,8,1,586.26,3,0,1
2,8,1,666.39,3,0,1
2,8,1,505.09,3,0,1
2,8,1,421.41,3,0,1
2,8,1,795.92,3,0,1
2,8,1,485.94,3,0,1
2,8,1,491.59,3,0,1
2,8,1,570.24,3,0,1
2,8,1,465.84,3,0,1
2,8,1,451.94,3,0,1
2,8,1,457.85,3,0,1
2,8,1,489.16,3,0,1
2,8,1,614.37,3,0,1
2,8,1,400.48,3,0,1
2,8,1,514.4,3,0,1
2,8,1,508.16,3,0,1
2,8,1,449.59,3,0,1
2,8,1,741.04,3,0,1
2,8,1,807.09,3,0,1
2,8,1,689.8,3,0,1
2,8,1,673.95,4,0,1
2,8,1,622.92,4,0,1
2,8,1,363.69,4,0,1
2,8,1,442.3,4,0,1
2,8,1,459.86,4,0,1
2,8,1,470.74,4,0,1
2,8,1,391.29,4,0,1
2,8,1,407.19,4,0,1
2,8,1,428.98,4,0,1
2,8,1,408.93,4,0,1
2,8,1,472.02,4,0,1
2,8,1,480.97,4,0,1
2,8,1,422.95,4,0,1
2,8,1,350.2,4,0,1
2,8,1,613.4,4,0,1
2,8,1,630.77,4,0,1
2,8,1,447.31,4,0,1
2,8,1,447.27,4,0,1
2,8,1,448.48,4,0,1
2,8,1,420.8,4,0,1
2,8,1,542.95,4,0,1
2,8,1,512.25,4,0,1
2,8,1,460.2,4,0,1
2,8,1,380.17,4,0,1
2,8,1,374.72,4,0,1
2,8,1,460.03,4,0,1
2,8,1,493.31,4,0,1
2,8,1,408.59,4,0,1
2,8,1,511.18,4,0,1
2,8,1,441.89,4,0,1
2,8,1,585.84,4,0,1
2,8,1,431.76,4,0,1
2,8,1,1044.5,4,0,1
2,8,1,455.92,4,0,1
2,8,1,681.16,4,0,1
2,8,1,473.3,4,0,1
2,8,1,699.18,4,0,1
2,8,1,439.29,4,0,1
2,8,1,517.83,4,0,1
2,8,1,485.15,4,0,1
2,8,1,468.94,4,0,1
2,8,1,923.79,4,0,1
2,8,1,445.33,4,0,1
2,8,1,433.36,4,0,1
2,8,1,476.03,4,0,1
2,8,1,518.63,4,0,1
2,8,1,407.21,4,0,1
2,8,1,585.12,4,0,1
2,8,1,427.78,4,0,1
2,8,1,471.28,4,0,1
2,8,1,467.97,4,0,1
2,8,1,490.49,4,0,1
2,8,1,448.44,4,0,1
2,8,1,383.76,4,0,1
2,8,1,446.27,4,0,1
2,8,1,419.6,4,0,1
2,8,1,590.09,4,0,1
2,8,1,579.97,4,0,1
2,8,1,456.65,4,0,1
2,8,1,540.5,4,0,1
2,8,1,898.48,4,0,1
2,8,1,724.01,4,0,1
2,8,1,452.03,4,0,1
2,8,1,467.68,4,0,1
2,8,1,400.89,4,0,1
2,8,1,381.56,4,0,1
2,8,1,432.17,4,0,1
2,8,1,838.46,4,0,1
2,8,1,659.88,4,0,1
2,8,1,838.64,4,0,1
2,8,1,446.79,4,0,1
2,8,1,923.51,4,0,1
2,8,1,623.38,4,0,1
2,8,1,804.9,4,0,1
2,8,1,409.4,4,0,1
2,8,1,409.45,4,0,1
2,8,1,566.25,4,0,1
2,8,1,422.19,4,0,1
2,8,1,584.66,4,0,1
2,8,1,409.37,4,0,1
2,8,1,506.62,4,0,1
2,8,1,706.09,4,0,1
2,8,1,457.17,4,0,1
2,8,1,635.17,4,0,1
2,8,1,589.56,4,0,1
2,8,1,482.17,4,0,1
2,8,1,514.08,4,0,1
2,8,1,612.61,4,0,1
2,8,1,473.14,4,0,1
2,8,1,862.52,4,0,1
2,8,1,480.87,4,0,1
2,8,1,516.26,4,0,1
2,8,1,611.46,5,0,1
2,8,1,429.74,5,0,1
2,8,1,329.95,5,0,1
2,8,1,417.13,5,0,1
2,8,1,411.6,5,0,1
2,8,1,453.52,5,0,1
2,8,1,411.39,5,0,1
2,8,1,445.8,5,0,1
2,8,1,395.71,5,0,1
2,8,1,466.47,5,0,1
2,8,1,427.7,5,0,1
2,8,1,548.34,5,0,1
2,8,1,375.26,5,0,1
2,8,1,596.47,5,0,1
2,8,1,546.35,5,0,1
2,8,1,500.93,5,0,1
2,8,1,523.5,5,0,1
2,8,1,559.34,5,0,1
2,8,1,417.34,5,0,1
2,8,1,466.65,5,0,1
2,8,1,403.35,5,0,1
2,8,1,613.11,5,0,1
2,8,1,510.36,5,0,1
2,8,1,422.93,5,0,1
2,8,1,401.12,5,0,1
2,8,1,448.37,5,0,1
2,8,1,536.3,5,0,1
2,8,1,468.41,5,0,1
2,8,1,398.5,5,0,1
2,8,1,407.11,5,0,1
2,8,1,425.77,5,0,1
2,8,1,434.49,5,0,1
2,8,1,544.13,5,0,1
2,8,1,787.82,5,0,1
2,8,1,575.25,5,0,1
2,8,1,507.84,5,0,1
2,8,1,691.02,5,0,1
2,8,1,741.13,5,0,1
2,8,1,464.56,5,0,1
2,8,1,633.96,5,0,1
2,8,1,635.3,5,0,1
2,8,1,413.48,5,0,1
2,8,1,460.73,5,0,1
2,8,1,605.45,5,0,1
2,8,1,376.5,5,0,1
2,8,1,475.32,5,0,1
2,8,1,461.56,5,0,1
2,8,1,488.31,5,0,1
2,8,1,1042.7,5,0,1
2,8,1,616.23,5,0,1
2,8,1,394.78,5,0,1
2,8,1,390.94,5,0,1
2,8,1,419.48,5,0,1
2,8,1,406,5,0,1
2,8,1,454.03,5,0,1
2,8,1,583.06,5,0,1
2,8,1,950.5,5,0,1
2,8,1,466.06,5,0,1
2,8,1,540.74,5,0,1
2,8,1,892.72,5,0,1
2,8,1,526.88,5,0,1
2,8,1,709.06,5,0,1
2,8,1,469.87,5,0,1
2,8,1,474.55,5,0,1
2,8,1,838.88,5,0,1
2,8,1,1024.4,5,0,1
2,8,1,551.36,5,0,1
2,8,1,440.27,5,0,1
2,8,1,571.67,5,0,1
2,8,1,342.93,5,0,1
2,8,1,636.33,5,0,1
2,8,1,401,5,0,1
2,8,1,521.18,5,0,1
2,8,1,534.17,5,0,1
2,8,1,787.66,5,0,1
2,8,1,431.05,5,0,1
2,8,1,439.58,5,0,1
2,8,1,420.67,5,0,1
2,8,1,376.46,5,0,1
2,8,1,443.16,5,0,1
2,8,1,398.41,5,0,1
2,8,1,379.63,5,0,1
2,8,1,452,5,0,1
2,8,1,516.09,5,0,1
2,8,1,376.08,5,0,1
2,8,1,617.9,5,0,1
2,8,1,480.51,5,0,1
2,8,1,717.04,5,0,1
2,8,1,559.38,5,0,1
2,8,1,527.56,5,0,1
2,8,1,616.17,5,0,1
3,4,1,819.92,2,1,0
3,4,1,587.85,2,1,0
3,4,1,581.34,2,1,0
3,4,1,523.89,2,1,0
3,4,1,416.11,2,1,0
3,4,1,678.05,2,1,0
3,4,1,456.55,2,1,0
3,4,1,569.56,2,1,0
3,4,1,565.26,2,1,0
3,4,1,518.2,2,1,0
3,4,1,630.65,2,1,0
3,4,1,450.31,2,1,0
3,4,1,639.95,2,1,0
3,4,1,507.45,2,1,0
3,4,1,580.5,2,1,0
3,4,1,647.6,2,1,0
3,4,1,585.35,2,1,0
3,4,1,521.41,2,1,0
3,4,1,474.21,2,1,0
3,4,1,517.59,2,1,0
3,4,1,604.31,2,1,0
3,4,1,668.82,2,1,0
3,4,1,486.28,2,1,0
3,4,1,577.41,2,1,0
3,4,1,427.44,2,1,0
3,4,1,573.24,2,1,0
3,4,1,565.63,2,1,0
3,4,1,605.6,2,1,0
3,4,1,617.26,2,1,0
3,4,1,482.77,2,1,0
3,4,1,414.11,2,1,0
3,4,1,577.45,2,1,0
3,4,1,433.18,2,1,0
3,4,1,511.99,2,1,0
3,4,1,503.04,2,1,0
3,4,1,443.75,2,1,0
3,4,1,515.45,2,1,0
3,4,1,455.44,2,1,0
3,4,1,425.42,2,1,0
3,4,1,445.46,2,1,0
3,4,1,452.77,2,1,0
3,4,1,693.8,2,1,0
3,4,1,517.24,2,1,0
3,4,1,478.03,2,1,0
3,4,1,706.72,2,1,0
3,4,1,549.36,2,1,0
3,4,1,602.77,2,1,0
3,4,1,669.29,2,1,0
3,4,1,529.71,2,1,0
3,4,1,445.12,2,1,0
3,4,1,476.05,2,1,0
3,4,1,610.89,2,1,0
3,4,1,466.42,2,1,0
3,4,1,748.42,2,1,0
3,4,1,741.02,2,1,0
3,4,1,481.87,2,1,0
3,4,1,583.71,2,1,0
3,4,1,482.69,2,1,0
3,4,1,467.48,2,1,0
3,4,1,770.82,2,1,0
3,4,1,522.34,2,1,0
3,4,1,563.4,2,1,0
3,4,1,568.5,2,1,0
3,4,1,540.81,2,1,0
3,4,1,449.62,2,1,0
3,4,1,431.8,2,1,0
3,4,1,609.74,2,1,0
3,4,1,571.11,2,1,0
3,4,1,458.27,2,1,0
3,4,1,417.62,2,1,0
3,4,1,487.17,2,1,0
3,4,1,511.86,2,1,0
3,4,1,458.51,2,1,0
3,4,1,438.38,2,1,0
3,4,1,405.56,2,1,0
3,4,1,601.11,2,1,0
3,4,1,518.55,2,1,0
3,4,1,631.38,2,1,0
3,4,1,479.41,2,1,0
3,4,1,418.1,2,1,0
3,4,1,410.84,2,1,0
3,4,1,404.49,2,1,0
3,4,1,583.81,2,1,0
3,4,1,589.98,2,1,0
3,4,1,705.41,2,1,0
3,4,1,498.75,2,1,0
3,4,1,510.86,2,1,0
3,4,1,585.6,3,1,0
3,4,1,446.8,3,1,0
3,4,1,464.32,3,1,0
3,4,1,413.54,3,1,0
3,4,1,334.07,3,1,0
3,4,1,519.96,3,1,0
3,4,1,647.99,3,1,0
3,4,1,412.41,3,1,0
3,4,1,794.32,3,1,0
3,4,1,410.47,3,1,0
3,4,1,437.55,3,1,0
3,4,1,450.13,3,1,0
3,4,1,509.39,3,1,0
3,4,1,463.52,3,1,0
3,4,1,492.92,3,1,0
3,4,1,704.27,3,1,0
3,4,1,754.89,3,1,0
3,4,1,387.85,3,1,0
3,4,1,565.02,3,1,0
3,4,1,440.84,3,1,0
3,4,1,523.29,3,1,0
3,4,1,603.85,3,1,0
3,4,1,613.39,3,1,0
3,4,1,387.25,3,1,0
3,4,1,395.73,3,1,0
3,4,1,575.15,3,1,0
3,4,1,545.23,3,1,0
3,4,1,456.41,3,1,0
3,4,1,411.75,3,1,0
3,4,1,484.41,3,1,0
3,4,1,387.79,3,1,0
3,4,1,500.59,3,1,0
3,4,1,534.57,3,1,0
3,4,1,397.09,3,1,0
3,4,1,354.77,3,1,0
3,4,1,498.05,3,1,0
3,4,1,842.34,3,1,0
3,4,1,439.7,3,1,0
3,4,1,454.36,3,1,0
3,4,1,440.95,3,1,0
3,4,1,504.89,3,1,0
3,4,1,536.84,3,1,0
3,4,1,449.27,3,1,0
3,4,1,434.59,3,1,0
3,4,1,572.02,3,1,0
3,4,1,720.39,3,1,0
3,4,1,665.13,3,1,0
3,4,1,483.27,3,1,0
3,4,1,451.85,3,1,0
3,4,1,473.23,3,1,0
3,4,1,479.17,3,1,0
3,4,1,409.71,3,1,0
3,4,1,539.69,3,1,0
3,4,1,534.93,3,1,0
3,4,1,697.74,3,1,0
3,4,1,472.49,3,1,0
3,4,1,526.69,3,1,0
3,4,1,481.46,3,1,0
3,4,1,487.4,3,1,0
3,4,1,533.48,3,1,0
3,4,1,463.52,3,1,0
3,4,1,546.12,3,1,0
3,4,1,414.91,3,1,0
3,4,1,456.31,3,1,0
3,4,1,432.33,3,1,0
3,4,1,428.14,3,1,0
3,4,1,619.56,3,1,0
3,4,1,896.86,3,1,0
3,4,1,544.12,3,1,0
3,4,1,575.43,3,1,0
3,4,1,600.32,3,1,0
3,4,1,687.33,3,1,0
3,4,1,657.34,3,1,0
3,4,1,464.7,3,1,0
3,4,1,458.43,3,1,0
3,4,1,605.03,3,1,0
3,4,1,716.3,3,1,0
3,4,1,659.61,3,1,0
3,4,1,608.56,3,1,0
3,4,1,431.92,3,1,0
3,4,1,677.13,3,1,0
3,4,1,436.4,3,1,0
3,4,1,411.81,3,1,0
3,4,1,381.09,3,1,0
3,4,1,589.22,3,1,0
3,4,1,899.27,3,1,0
3,4,1,760.08,3,1,0
3,4,1,593.5,3,1,0
3,4,1,477.68,3,1,0
3,4,1,406.44,4,1,0
3,4,1,396.31,4,1,0
3,4,1,436.03,4,1,0
3,4,1,607.89,4,1,0
3,4,1,378.39,4,1,0
3,4,1,365.64,4,1,0
3,4,1,412.13,4,1,0
3,4,1,591.28,4,1,0
3,4,1,419.9,4,1,0
3,4,1,407.82,4,1,0
3,4,1,414.37,4,1,0
3,4,1,398.4,4,1,0
3,4,1,431.68,4,1,0
3,4,1,624.09,4,1,0
3,4,1,462.81,4,1,0
3,4,1,540.56,4,1,0
3,4,1,423.09,4,1,0
3,4,1,420.59,4,1,0
3,4,1,437.15,4,1,0
3,4,1,556.86,4,1,0
3,4,1,400.91,4,1,0
3,4,1,444.62,4,1,0
3,4,1,646.54,4,1,0
3,4,1,479.16,4,1,0
3,4,1,815.7,4,1,0
3,4,1,585.1,4,1,0
3,4,1,419.08,4,1,0
3,4,1,547.59,4,1,0
3,4,1,526.31,4,1,0
3,4,1,445.07,4,1,0
3,4,1,439.1,4,1,0
3,4,1,593.2,4,1,0
3,4,1,663.72,4,1,0
3,4,1,476.07,4,1,0
3,4,1,415.98,4,1,0
3,4,1,388.61,4,1,0
3,4,1,453.78,4,1,0
3,4,1,457.42,4,1,0
3,4,1,425.41,4,1,0
3,4,1,412.45,4,1,0
3,4,1,421.23,4,1,0
3,4,1,391.85,4,1,0
3,4,1,424.28,4,1,0
3,4,1,441.14,4,1,0
3,4,1,438.34,4,1,0
3,4,1,497.2,4,1,0
3,4,1,368.44,4,1,0
3,4,1,435.57,4,1,0
3,4,1,451.27,4,1,0
3,4,1,543.92,4,1,0
3,4,1,547.72,4,1,0
3,4,1,399.33,4,1,0
3,4,1,622.76,4,1,0
3,4,1,326.59,4,1,0
3,4,1,437.32,4,1,0
3,4,1,541.02,4,1,0
3,4,1,376.68,4,1,0
3,4,1,433.51,4,1,0
3,4,1,353.44,4,1,0
3,4,1,365.2,4,1,0
3,4,1,391.12,4,1,0
3,4,1,468.9,4,1,0
3,4,1,504.15,4,1,0
3,4,1,391.19,4,1,0
3,4,1,553.13,4,1,0
3,4,1,396.21,4,1,0
3,4,1,567.6,4,1,0
3,4,1,530.82,4,1,0
3,4,1,766.41,4,1,0
3,4,1,556.73,4,1,0
3,4,1,443.71,4,1,0
3,4,1,576.2,4,1,0
3,4,1,378.69,4,1,0
3,4,1,444.59,4,1,0
3,4,1,601.41,4,1,0
3,4,1,697.45,4,1,0
3,4,1,408.25,4,1,0
3,4,1,416.04,4,1,0
3,4,1,424.69,4,1,0
3,4,1,707.23,4,1,0
3,4,1,457.29,4,1,0
3,4,1,559.26,4,1,0
3,4,1,399.61,4,1,0
3,4,1,448.93,4,1,0
3,4,1,762.81,4,1,0
3,4,1,456.89,4,1,0
3,4,1,476.8,5,1,0
3,4,1,686.15,5,1,0
3,4,1,556.72,5,1,0
3,4,1,612.78,5,1,0
3,4,1,651.39,5,1,0
3,4,1,387.34,5,1,0
3,4,1,437.78,5,1,0
3,4,1,576.96,5,1,0
3,4,1,426.93,5,1,0
3,4,1,542.79,5,1,0
3,4,1,412.92,5,1,0
3,4,1,511.24,5,1,0
3,4,1,756.62,5,1,0
3,4,1,433.86,5,1,0
3,4,1,576.22,5,1,0
3,4,1,578.58,5,1,0
3,4,1,525.26,5,1,0
3,4,1,444.62,5,1,0
3,4,1,793.78,5,1,0
3,4,1,679.35,5,1,0
3,4,1,605.32,5,1,0
3,4,1,486.55,5,1,0
3,4,1,371.76,5,1,0
3,4,1,495,5,1,0
3,4,1,567.41,5,1,0
3,4,1,505.43,5,1,0
3,4,1,608.49,5,1,0
3,4,1,590.43,5,1,0
3,4,1,477.42,5,1,0
3,4,1,447.31,5,1,0
3,4,1,529.78,5,1,0
3,4,1,440.79,5,1,0
3,4,1,455.68,5,1,0
3,4,1,363.88,5,1,0
3,4,1,367.89,5,1,0
3,4,1,629.92,5,1,0
3,4,1,529.79,5,1,0
3,4,1,469.69,5,1,0
3,4,1,659.6,5,1,0
3,4,1,611.37,5,1,0
3,4,1,485.51,5,1,0
3,4,1,601.23,5,1,0
3,4,1,415.54,5,1,0
3,4,1,457.4,5,1,0
3,4,1,646.08,5,1,0
3,4,1,473.58,5,1,0
3,4,1,408.22,5,1,0
3,4,1,617.43,5,1,0
3,4,1,454.77,5,1,0
3,4,1,455.19,5,1,0
3,4,1,486.67,5,1,0
3,4,1,671.05,5,1,0
3,4,1,422.98,5,1,0
3,4,1,479.76,5,1,0
3,4,1,477.16,5,1,0
3,4,1,324.53,5,1,0
3,4,1,403.64,5,1,0
3,4,1,352.64,5,1,0
3,4,1,607.53,5,1,0
3,4,1,781.46,5,1,0
3,4,1,561.9,5,1,0
3,4,1,613.89,5,1,0
3,4,1,856.85,5,1,0
3,4,1,504.44,5,1,0
3,4,1,421.03,5,1,0
3,4,1,460.39,5,1,0
3,4,1,564.58,5,1,0
3,4,1,380.39,5,1,0
3,4,1,481.71,5,1,0
3,4,1,517.7,5,1,0
3,4,1,426.27,5,1,0
3,4,1,477.72,5,1,0
3,4,1,512.97,5,1,0
3,4,1,481.62,5,1,0
3,4,1,518.94,5,1,0
3,4,1,544.35,5,1,0
3,4,1,508.37,5,1,0
3,4,1,457.64,5,1,0
3,4,1,488.85,5,1,0
3,4,1,519.52,5,1,0
3,4,1,411.55,5,1,0
3,4,1,893.59,5,1,0
3,4,1,462.05,5,1,0
3,4,1,370.53,5,1,0
3,4,1,350.64,5,1,0
3,4,1,410.52,5,1,0
3,4,1,455.03,5,1,0
3,4,1,666.13,5,1,0
3,4,1,461.5,5,1,0
4,5,1,1011.9,2,1,1
4,5,1,708.83,2,1,1
4,5,1,961.72,2,1,1
4,5,1,671.32,2,1,1
4,5,1,696.54,2,1,1
4,5,1,619.32,2,1,1
4,5,1,723.52,2,1,1
4,5,1,479.07,2,1,1
4,5,1,833.23,2,1,1
4,5,1,781.3,2,1,1
4,5,1,619.48,2,1,1
4,5,1,988.33,2,1,1
4,5,1,751.32,2,1,1
4,5,1,716.63,2,1,1
4,5,1,854.91,2,1,1
4,5,1,698.53,2,1,1
4,5,1,946.57,2,1,1
4,5,1,750.75,2,1,1
4,5,1,564.94,2,1,1
4,5,1,552.25,2,1,1
4,5,1,1005,2,1,1
4,5,1,666.73,2,1,1
4,5,1,640.02,2,1,1
4,5,1,630.31,2,1,1
4,5,1,717.13,2,1,1
4,5,1,640.72,2,1,1
4,5,1,605.45,2,1,1
4,5,1,606.66,2,1,1
4,5,1,872.45,2,1,1
4,5,1,643.28,2,1,1
4,5,1,732.75,2,1,1
4,5,1,990.89,2,1,1
4,5,1,695.9,2,1,1
4,5,1,747.3,2,1,1
4,5,1,690.08,2,1,1
4,5,1,657.35,2,1,1
4,5,1,765.99,2,1,1
4,5,1,776.86,2,1,1
4,5,1,866.38,2,1,1
4,5,1,760.54,2,1,1
4,5,1,769.6,2,1,1
4,5,1,640.6,2,1,1
4,5,1,592.66,2,1,1
4,5,1,792.67,2,1,1
4,5,1,617.8,2,1,1
4,5,1,703.3,2,1,1
4,5,1,564.59,2,1,1
4,5,1,897.48,2,1,1
4,5,1,655.41,2,1,1
4,5,1,795.02,2,1,1
4,5,1,769.23,2,1,1
4,5,1,687.7,2,1,1
4,5,1,635.76,2,1,1
4,5,1,1031.9,2,1,1
4,5,1,536.09,2,1,1
4,5,1,650.25,2,1,1
4,5,1,492.93,2,1,1
4,5,1,560.89,2,1,1
4,5,1,749.08,2,1,1
4,5,1,702.86,2,1,1
4,5,1,657.08,2,1,1
4,5,1,479.82,2,1,1
4,5,1,554.59,2,1,1
4,5,1,585.39,2,1,1
4,5,1,600.05,2,1,1
4,5,1,703.61,2,1,1
4,5,1,618.09,2,1,1
4,5,1,496.53,2,1,1
4,5,1,627.52,2,1,1
4,5,1,621.86,2,1,1
4,5,1,670.98,2,1,1
4,5,1,524.9,2,1,1
4,5,1,805.59,2,1,1
4,5,1,677.64,2,1,1
4,5,1,531.68,2,1,1
4,5,1,645.47,2,1,1
4,5,1,950.87,2,1,1
4,5,1,623.82,2,1,1
4,5,1,659.84,2,1,1
4,5,1,496.64,2,1,1
4,5,1,501.97,2,1,1
4,5,1,813.8,2,1,1
4,5,1,809.47,2,1,1
4,5,1,582.95,2,1,1
4,5,1,538.76,2,1,1
4,5,1,561.42,3,1,1
4,5,1,474.13,3,1,1
4,5,1,482.56,3,1,1
4,5,1,503.11,3,1,1
4,5,1,439.2,3,1,1
4,5,1,431.06,3,1,1
4,5,1,584.47,3,1,1
4,5,1,484.44,3,1,1
4,5,1,623.1,3,1,1
4,5,1,439.71,3,1,1
4,5,1,634.42,3,1,1
4,5,1,546.78,3,1,1
4,5,1,662.86,3,1,1
4,5,1,544.27,3,1,1
4,5,1,685.61,3,1,1
4,5,1,700.93,3,1,1
4,5,1,654.35,3,1,1
4,5,1,636.02,3,1,1
4,5,1,469.13,3,1,1
4,5,1,483.15,3,1,1
4,5,1,521.09,3,1,1
4,5,1,614.86,3,1,1
4,5,1,456.88,3,1,1
4,5,1,415.56,3,1,1
4,5,1,627.32,3,1,1
4,5,1,481.88,3,1,1
4,5,1,865.97,3,1,1
4,5,1,489.81,3,1,1
4,5,1,656.52,3,1,1
4,5,1,700.47,3,1,1
4,5,1,681.17,3,1,1
4,5,1,623.08,3,1,1
4,5,1,581.98,3,1,1
4,5,1,610.81,3,1,1
4,5,1,621.23,3,1,1
4,5,1,503.96,3,1,1
4,5,1,723.25,3,1,1
4,5,1,600.68,3,1,1
4,5,1,616.79,3,1,1
4,5,1,671.62,3,1,1
4,5,1,701.8,3,1,1
4,5,1,541.53,3,1,1
4,5,1,562.16,3,1,1
4,5,1,530.75,3,1,1
4,5,1,504.69,3,1,1
4,5,1,479.34,3,1,1
4,5,1,751.96,3,1,1
4,5,1,582.6,3,1,1
4,5,1,445.88,3,1,1
4,5,1,536.59,3,1,1
4,5,1,495.23,3,1,1
4,5,1,572.37,3,1,1
4,5,1,481.17,3,1,1
4,5,1,400.5,3,1,1
4,5,1,525.07,3,1,1
4,5,1,751.78,3,1,1
4,5,1,824.63,3,1,1
4,5,1,515.34,3,1,1
4,5,1,490.65,3,1,1
4,5,1,790.07,3,1,1
4,5,1,598.69,3,1,1
4,5,1,587.43,3,1,1
4,5,1,712.16,3,1,1
4,5,1,631.64,3,1,1
4,5,1,531,3,1,1
4,5,1,495.72,3,1,1
4,5,1,623.76,3,1,1
4,5,1,457.08,3,1,1
4,5,1,746.81,3,1,1
4,5,1,440.29,3,1,1
4,5,1,696.69,3,1,1
4,5,1,614.67,3,1,1
4,5,1,472.41,3,1,1
4,5,1,589.13,3,1,1
4,5,1,672.65,3,1,1
4,5,1,509.21,3,1,1
4,5,1,490.51,3,1,1
4,5,1,909.08,3,1,1
4,5,1,677.85,3,1,1
4,5,1,591.19,3,1,1
4,5,1,521.79,3,1,1
4,5,1,632.38,3,1,1
4,5,1,877.13,3,1,1
4,5,1,734.03,3,1,1
4,5,1,488.07,3,1,1
4,5,1,602.81,3,1,1
4,5,1,419.36,3,1,1
4,5,1,486.91,3,1,1
4,5,1,487.58,4,1,1
4,5,1,597.25,4,1,1
4,5,1,648.43,4,1,1
4,5,1,499.18,4,1,1
4,5,1,459.01,4,1,1
4,5,1,338.85,4,1,1
4,5,1,677.32,4,1,1
4,5,1,698.43,4,1,1
4,5,1,478.96,4,1,1
4,5,1,693.01,4,1,1
4,5,1,618.32,4,1,1
4,5,1,440.29,4,1,1
4,5,1,590.17,4,1,1
4,5,1,454,4,1,1
4,5,1,510,4,1,1
4,5,1,438.32,4,1,1
4,5,1,476.97,4,1,1
4,5,1,453.48,4,1,1
4,5,1,539.78,4,1,1
4,5,1,435.1,4,1,1
4,5,1,455.01,4,1,1
4,5,1,672.72,4,1,1
4,5,1,612.58,4,1,1
4,5,1,621.8,4,1,1
4,5,1,690.96,4,1,1
4,5,1,533.02,4,1,1
4,5,1,545.67,4,1,1
4,5,1,845.58,4,1,1
4,5,1,711.74,4,1,1
4,5,1,527.2,4,1,1
4,5,1,543.19,4,1,1
4,5,1,525.18,4,1,1
4,5,1,502.41,4,1,1
4,5,1,735.91,4,1,1
4,5,1,497.31,4,1,1
4,5,1,931.19,4,1,1
4,5,1,794.75,4,1,1
4,5,1,529.31,4,1,1
4,5,1,519.33,4,1,1
4,5,1,447.11,4,1,1
4,5,1,522.59,4,1,1
4,5,1,612.73,4,1,1
4,5,1,543.07,4,1,1
4,5,1,539.81,4,1,1
4,5,1,498.2,4,1,1
4,5,1,460.55,4,1,1
4,5,1,404.56,4,1,1
4,5,1,596.54,4,1,1
4,5,1,975.41,4,1,1
4,5,1,668.31,4,1,1
4,5,1,699,4,1,1
4,5,1,491.6,4,1,1
4,5,1,478.24,4,1,1
4,5,1,611.5,4,1,1
4,5,1,460.73,4,1,1
4,5,1,439.39,4,1,1
4,5,1,689.22,4,1,1
4,5,1,735.31,4,1,1
4,5,1,469.46,4,1,1
4,5,1,564,4,1,1
4,5,1,473.36,4,1,1
4,5,1,710.76,4,1,1
4,5,1,437.21,4,1,1
4,5,1,480.24,4,1,1
4,5,1,435.38,4,1,1
4,5,1,491.38,4,1,1
4,5,1,400.8,4,1,1
4,5,1,653.27,4,1,1
4,5,1,575.45,4,1,1
4,5,1,574.87,4,1,1
4,5,1,1046.5,4,1,1
4,5,1,440.16,4,1,1
4,5,1,424.17,4,1,1
4,5,1,568.83,4,1,1
4,5,1,1066.7,4,1,1
4,5,1,473.97,4,1,1
4,5,1,509.22,4,1,1
4,5,1,469.17,4,1,1
4,5,1,493.85,4,1,1
4,5,1,547.19,4,1,1
4,5,1,724.72,4,1,1
4,5,1,766.17,4,1,1
4,5,1,552.26,4,1,1
4,5,1,675.13,4,1,1
4,5,1,813,4,1,1
4,5,1,860.58,4,1,1
4,5,1,602.78,4,1,1
4,5,1,423.43,4,1,1
4,5,1,515.71,4,1,1
4,5,1,632.8,4,1,1
4,5,1,522.69,5,1,1
4,5,1,604.9,5,1,1
4,5,1,466.92,5,1,1
4,5,1,571.97,5,1,1
4,5,1,499.18,5,1,1
4,5,1,413.96,5,1,1
4,5,1,430.7,5,1,1
4,5,1,591.14,5,1,1
4,5,1,452.47,5,1,1
4,5,1,742.06,5,1,1
4,5,1,481.71,5,1,1
4,5,1,506.09,5,1,1
4,5,1,591.25,5,1,1
4,5,1,521.91,5,1,1
4,5,1,602.07,5,1,1
4,5,1,449.1,5,1,1
4,5,1,591.02,5,1,1
4,5,1,631.29,5,1,1
4,5,1,617.95,5,1,1
4,5,1,785.33,5,1,1
4,5,1,490.04,5,1,1
4,5,1,384.6,5,1,1
4,5,1,552.69,5,1,1
4,5,1,511.65,5,1,1
4,5,1,504.23,5,1,1
4,5,1,532.97,5,1,1
4,5,1,590.91,5,1,1
4,5,1,546.59,5,1,1
4,5,1,483.29,5,1,1
4,5,1,507.85,5,1,1
4,5,1,478.47,5,1,1
4,5,1,453.86,5,1,1
4,5,1,581.3,5,1,1
4,5,1,518.5,5,1,1
4,5,1,496.63,5,1,1
4,5,1,521.93,5,1,1
4,5,1,637.68,5,1,1
4,5,1,742.48,5,1,1
4,5,1,606.08,5,1,1
4,5,1,477.39,5,1,1
4,5,1,528.07,5,1,1
4,5,1,484.05,5,1,1
4,5,1,520.61,5,1,1
4,5,1,669.33,5,1,1
4,5,1,472.22,5,1,1
4,5,1,532.1,5,1,1
4,5,1,608.73,5,1,1
4,5,1,501.68,5,1,1
4,5,1,494.17,5,1,1
4,5,1,472.81,5,1,1
4,5,1,516.11,5,1,1
4,5,1,522.81,5,1,1
4,5,1,451.41,5,1,1
4,5,1,516.57,5,1,1
4,5,1,591.93,5,1,1
4,5,1,616.74,5,1,1
4,5,1,643.08,5,1,1
4,5,1,423.79,5,1,1
4,5,1,641.6,5,1,1
4,5,1,617.01,5,1,1
4,5,1,713.35,5,1,1
4,5,1,725.8,5,1,1
4,5,1,509.79,5,1,1
4,5,1,720.73,5,1,1
4,5,1,468.68,5,1,1
4,5,1,471.43,5,1,1
4,5,1,594.39,5,1,1
4,5,1,593.04,5,1,1
4,5,1,562.96,5,1,1
4,5,1,626.92,5,1,1
4,5,1,413.65,5,1,1
4,5,1,531.67,5,1,1
4,5,1,541.77,5,1,1
4,5,1,603.16,5,1,1
4,5,1,739.37,5,1,1
4,5,1,575.31,5,1,1
4,5,1,483.74,5,1,1
4,5,1,470.49,5,1,1
4,5,1,626.89,5,1,1
4,5,1,726.81,5,1,1
4,5,1,486.97,5,1,1
4,5,1,460.99,5,1,1
4,5,1,466.26,5,1,1
4,5,1,461.92,5,1,1
4,5,1,626.57,5,1,1
4,5,1,524,5,1,1
4,5,1,464.6,5,1,1
4,5,1,551.31,5,1,1
4,5,1,496,5,1,1
5,9,1,743.62,2,NaN,NaN
5,9,1,645.29,2,NaN,NaN
5,9,1,608.18,2,NaN,NaN
5,9,1,666.2,2,NaN,NaN
5,9,1,708.68,2,NaN,NaN
5,9,1,947.72,2,NaN,NaN
5,9,1,846.94,2,NaN,NaN
5,9,1,811.06,2,NaN,NaN
5,9,1,596.73,2,NaN,NaN
5,9,1,650.49,2,NaN,NaN
5,9,1,545.27,2,NaN,NaN
5,9,1,578.65,2,NaN,NaN
5,9,1,620.05,2,NaN,NaN
5,9,1,607.63,2,NaN,NaN
5,9,1,681.54,2,NaN,NaN
5,9,1,692.03,2,NaN,NaN
5,9,1,652.67,2,NaN,NaN
5,9,1,687.36,2,NaN,NaN
5,9,1,752.01,2,NaN,NaN
5,9,1,547.12,2,NaN,NaN
5,9,1,639.25,2,NaN,NaN
5,9,1,673.57,2,NaN,NaN
5,9,1,728.68,2,NaN,NaN
5,9,1,682.45,2,NaN,NaN
5,9,1,874.32,2,NaN,NaN
5,9,1,526.64,2,NaN,NaN
5,9,1,390.06,2,NaN,NaN
5,9,1,721.77,2,NaN,NaN
5,9,1,526.14,2,NaN,NaN
5,9,1,637.18,2,NaN,NaN
5,9,1,691.19,2,NaN,NaN
5,9,1,500.05,2,NaN,NaN
5,9,1,457.5,2,NaN,NaN
5,9,1,494.76,2,NaN,NaN
5,9,1,424.14,2,NaN,NaN
5,9,1,435.45,2,NaN,NaN
5,9,1,498.54,2,NaN,NaN
5,9,1,696.93,2,NaN,NaN
5,9,1,645.07,2,NaN,NaN
5,9,1,492.39,2,NaN,NaN
5,9,1,490.41,2,NaN,NaN
5,9,1,765.74,2,NaN,NaN
5,9,1,699.81,2,NaN,NaN
5,9,1,962.66,2,NaN,NaN
5,9,1,740.18,2,NaN,NaN
5,9,1,475.23,2,NaN,NaN
5,9,1,760.38,2,NaN,NaN
5,9,1,547.25,2,NaN,NaN
5,9,1,497.28,2,NaN,NaN
5,9,1,436.59,2,NaN,NaN
5,9,1,483.38,2,NaN,NaN
5,9,1,690.44,2,NaN,NaN
5,9,1,734.58,2,NaN,NaN
5,9,1,439.37,2,NaN,NaN
5,9,1,846.09,2,NaN,NaN
5,9,1,422.88,2,NaN,NaN
5,9,1,456.18,2,NaN,NaN
5,9,1,478.86,2,NaN,NaN
5,9,1,635.91,2,NaN,NaN
5,9,1,414.32,2,NaN,NaN
5,9,1,477.27,2,NaN,NaN
5,9,1,507.39,2,NaN,NaN
5,9,1,460.01,2,NaN,NaN
5,9,1,521.97,2,NaN,NaN
5,9,1,422.51,2,NaN,NaN
5,9,1,556.59,2,NaN,NaN
5,9,1,353.51,2,NaN,NaN
5,9,1,652.6,2,NaN,NaN
5,9,1,468.77,2,NaN,NaN
5,9,1,514.24,2,NaN,NaN
5,9,1,1017.6,2,NaN,NaN
5,9,1,559.8,2,NaN,NaN
5,9,1,521.91,2,NaN,NaN
5,9,1,504.96,2,NaN,NaN
5,9,1,399.07,2,NaN,NaN
5,9,1,478.98,2,NaN,NaN
5,9,1,573.46,2,NaN,NaN
5,9,1,646.35,2,NaN,NaN
5,9,1,521.68,2,NaN,NaN
5,9,1,487.04,2,NaN,NaN
5,9,1,421.15,2,NaN,NaN
5,9,1,561.14,2,NaN,NaN
5,9,1,525.26,2,NaN,NaN
5,9,1,433.27,2,NaN,NaN
5,9,1,576.66,2,NaN,NaN
5,9,1,422.16,2,NaN,NaN
5,9,1,429.45,2,NaN,NaN
5,9,1,555.74,3,NaN,NaN
5,9,1,560.29,3,NaN,NaN
5,9,1,378.74,3,NaN,NaN
5,9,1,524.47,3,NaN,NaN
5,9,1,643.22,3,NaN,NaN
5,9,1,463.24,3,NaN,NaN
5,9,1,409.35,3,NaN,NaN
5,9,1,352.52,3,NaN,NaN
5,9,1,547.1,3,NaN,NaN
5,9,1,906.39,3,NaN,NaN
5,9,1,496.36,3,NaN,NaN
5,9,1,498.31,3,NaN,NaN
5,9,1,783.03,3,NaN,NaN
5,9,1,426.39,3,NaN,NaN
5,9,1,593.5,3,NaN,NaN
5,9,1,554.18,3,NaN,NaN
5,9,1,523.43,3,NaN,NaN
5,9,1,446.2,3,NaN,NaN
5,9,1,574.17,3,NaN,NaN
5,9,1,378.66,3,NaN,NaN
5,9,1,465.8,3,NaN,NaN
5,9,1,956.33,3,NaN,NaN
5,9,1,413.56,3,NaN,NaN
5,9,1,437.14,3,NaN,NaN
5,9,1,664.11,3,NaN,NaN
5,9,1,490.15,3,NaN,NaN
5,9,1,528.64,3,NaN,NaN
5,9,1,596.52,3,NaN,NaN
5,9,1,438,3,NaN,NaN
5,9,1,372.61,3,NaN,NaN
5,9,1,394.77,3,NaN,NaN
5,9,1,655.89,3,NaN,NaN
5,9,1,459.91,3,NaN,NaN
5,9,1,466.78,3,NaN,NaN
5,9,1,479.11,3,NaN,NaN
5,9,1,451.52,3,NaN,NaN
5,9,1,489.45,3,NaN,NaN
5,9,1,465.71,3,NaN,NaN
5,9,1,671.55,3,NaN,NaN
5,9,1,482.35,3,NaN,NaN
5,9,1,395.07,3,NaN,NaN
5,9,1,421.04,3,NaN,NaN
5,9,1,542.96,3,NaN,NaN
5,9,1,482.99,3,NaN,NaN
5,9,1,456.99,3,NaN,NaN
5,9,1,367.57,3,NaN,NaN
5,9,1,404.25,3,NaN,NaN
5,9,1,477.3,3,NaN,NaN
5,9,1,768.57,3,NaN,NaN
5,9,1,368.68,3,NaN,NaN
5,9,1,438.62,3,NaN,NaN
5,9,1,448.59,3,NaN,NaN
5,9,1,400.34,3,NaN,NaN
5,9,1,608.33,3,NaN,NaN
5,9,1,510.54,3,NaN,NaN
5,9,1,441.89,3,NaN,NaN
5,9,1,520.77,3,NaN,NaN
5,9,1,344.76,3,NaN,NaN
5,9,1,412.58,3,NaN,NaN
5,9,1,527.03,3,NaN,NaN
5,9,1,458.41,3,NaN,NaN
5,9,1,458.44,3,NaN,NaN
5,9,1,991.84,3,NaN,NaN
5,9,1,788.92,3,NaN,NaN
5,9,1,572.98,3,NaN,NaN
5,9,1,449.02,3,NaN,NaN
5,9,1,411.01,3,NaN,NaN
5,9,1,448.33,3,NaN,NaN
5,9,1,565.68,3,NaN,NaN
5,9,1,520.46,3,NaN,NaN
5,9,1,606.17,3,NaN,NaN
5,9,1,614.2,3,NaN,NaN
5,9,1,507.07,3,NaN,NaN
5,9,1,550.83,3,NaN,NaN
5,9,1,419.57,3,NaN,NaN
5,9,1,485.58,3,NaN,NaN
5,9,1,959.92,3,NaN,NaN
5,9,1,481.47,3,NaN,NaN
5,9,1,438.47,3,NaN,NaN
5,9,1,472.36,3,NaN,NaN
5,9,1,413.14,3,NaN,NaN
5,9,1,637.66,3,NaN,NaN
5,9,1,463.71,3,NaN,NaN
5,9,1,367.75,3,NaN,NaN
5,9,1,547.83,3,NaN,NaN
5,9,1,495.75,3,NaN,NaN
5,9,1,496.68,3,NaN,NaN
5,9,1,562.19,3,NaN,NaN
5,9,1,592.7,3,NaN,NaN
5,9,1,718.86,3,NaN,NaN
5,9,1,572.35,3,NaN,NaN
5,9,1,448.05,3,NaN,NaN
5,9,1,468.49,3,NaN,NaN
5,9,1,714.3,4,NaN,NaN
5,9,1,949.22,4,NaN,NaN
5,9,1,706.56,4,NaN,NaN
5,9,1,576.91,4,NaN,NaN
5,9,1,557.4,4,NaN,NaN
5,9,1,586.04,4,NaN,NaN
5,9,1,691.11,4,NaN,NaN
5,9,1,513.19,4,NaN,NaN
5,9,1,862.31,4,NaN,NaN
5,9,1,534.85,4,NaN,NaN
5,9,1,627.46,4,NaN,NaN
5,9,1,497.47,4,NaN,NaN
5,9,1,441.78,4,NaN,NaN
5,9,1,448.22,4,NaN,NaN
5,9,1,336.04,4,NaN,NaN
5,9,1,471.95,4,NaN,NaN
5,9,1,467.84,4,NaN,NaN
5,9,1,506.55,4,NaN,NaN
5,9,1,591.09,4,NaN,NaN
5,9,1,479.04,4,NaN,NaN
5,9,1,384.91,4,NaN,NaN
5,9,1,570.24,4,NaN,NaN
5,9,1,337.83,4,NaN,NaN
5,9,1,906.95,4,NaN,NaN
5,9,1,523.15,4,NaN,NaN
5,9,1,444.1,4,NaN,NaN
5,9,1,447.41,4,NaN,NaN
5,9,1,327.36,4,NaN,NaN
5,9,1,449.82,4,NaN,NaN
5,9,1,497.24,4,NaN,NaN
5,9,1,520.36,4,NaN,NaN
5,9,1,632.44,4,NaN,NaN
5,9,1,440.53,4,NaN,NaN
5,9,1,330.48,4,NaN,NaN
5,9,1,499.16,4,NaN,NaN
5,9,1,482.45,4,NaN,NaN
5,9,1,359.14,4,NaN,NaN
5,9,1,808.47,4,NaN,NaN
5,9,1,446.74,4,NaN,NaN
5,9,1,405.46,4,NaN,NaN
5,9,1,554.55,4,NaN,NaN
5,9,1,660.51,4,NaN,NaN
5,9,1,455.42,4,NaN,NaN
5,9,1,359.89,4,NaN,NaN
5,9,1,361.95,4,NaN,NaN
5,9,1,339.94,4,NaN,NaN
5,9,1,480.52,4,NaN,NaN
5,9,1,438.51,4,NaN,NaN
5,9,1,477.85,4,NaN,NaN
5,9,1,568.89,4,NaN,NaN
5,9,1,432.81,4,NaN,NaN
5,9,1,486.85,4,NaN,NaN
5,9,1,427.62,4,NaN,NaN
5,9,1,500.6,4,NaN,NaN
5,9,1,636.08,4,NaN,NaN
5,9,1,456.62,4,NaN,NaN
5,9,1,375.92,4,NaN,NaN
5,9,1,438.78,4,NaN,NaN
5,9,1,521.96,4,NaN,NaN
5,9,1,488.69,4,NaN,NaN
5,9,1,479.38,4,NaN,NaN
5,9,1,597.59,4,NaN,NaN
5,9,1,579.46,4,NaN,NaN
5,9,1,399.55,4,NaN,NaN
5,9,1,540.27,4,NaN,NaN
5,9,1,584.04,4,NaN,NaN
5,9,1,418.02,4,NaN,NaN
5,9,1,598.63,4,NaN,NaN
5,9,1,613.26,4,NaN,NaN
5,9,1,676.1,4,NaN,NaN
5,9,1,402.89,4,NaN,NaN
5,9,1,446.21,4,NaN,NaN
5,9,1,435.54,4,NaN,NaN
5,9,1,562.16,4,NaN,NaN
5,9,1,686.57,4,NaN,NaN
5,9,1,466.04,4,NaN,NaN
5,9,1,580.8,4,NaN,NaN
5,9,1,414.75,4,NaN,NaN
5,9,1,401.43,4,NaN,NaN
5,9,1,891.86,4,NaN,NaN
5,9,1,463.47,4,NaN,NaN
5,9,1,448.55,4,NaN,NaN
5,9,1,438.22,4,NaN,NaN
5,9,1,918.08,4,NaN,NaN
5,9,1,294.99,4,NaN,NaN
5,9,1,354.06,4,NaN,NaN
5,9,1,436.44,4,NaN,NaN
5,9,1,456.45,4,NaN,NaN
5,9,1,471.3,4,NaN,NaN
5,9,1,492.88,4,NaN,NaN
5,9,1,536.79,4,NaN,NaN
5,9,1,384.94,4,NaN,NaN
5,9,1,420.14,4,NaN,NaN
5,9,1,569.65,5,NaN,NaN
5,9,1,456.15,5,NaN,NaN
5,9,1,445.37,5,NaN,NaN
5,9,1,550.81,5,NaN,NaN
5,9,1,402.23,5,NaN,NaN
5,9,1,607.71,5,NaN,NaN
5,9,1,661.76,5,NaN,NaN
5,9,1,761.96,5,NaN,NaN
5,9,1,511.7,5,NaN,NaN
5,9,1,501.01,5,NaN,NaN
5,9,1,711.41,5,NaN,NaN
5,9,1,511.32,5,NaN,NaN
5,9,1,501.18,5,NaN,NaN
5,9,1,592.43,5,NaN,NaN
5,9,1,503.85,5,NaN,NaN
5,9,1,724.31,5,NaN,NaN
5,9,1,710.81,5,NaN,NaN
5,9,1,514.29,5,NaN,NaN
5,9,1,323.58,5,NaN,NaN
5,9,1,294.03,5,NaN,NaN
5,9,1,307.4,5,NaN,NaN
5,9,1,443.31,5,NaN,NaN
5,9,1,554.67,5,NaN,NaN
5,9,1,549.38,5,NaN,NaN
5,9,1,463.92,5,NaN,NaN
5,9,1,593.99,5,NaN,NaN
5,9,1,425.03,5,NaN,NaN
5,9,1,671.8,5,NaN,NaN
5,9,1,512.62,5,NaN,NaN
5,9,1,475.55,5,NaN,NaN
5,9,1,455.68,5,NaN,NaN
5,9,1,484.14,5,NaN,NaN
5,9,1,589.86,5,NaN,NaN
5,9,1,430.74,5,NaN,NaN
5,9,1,423.44,5,NaN,NaN
5,9,1,395.83,5,NaN,NaN
5,9,1,510.41,5,NaN,NaN
5,9,1,502.41,5,NaN,NaN
5,9,1,569.27,5,NaN,NaN
5,9,1,509.43,5,NaN,NaN
5,9,1,618.8,5,NaN,NaN
5,9,1,460.18,5,NaN,NaN
5,9,1,395.41,5,NaN,NaN
5,9,1,573.31,5,NaN,NaN
5,9,1,422.2,5,NaN,NaN
5,9,1,436.82,5,NaN,NaN
5,9,1,916.13,5,NaN,NaN
5,9,1,524.92,5,NaN,NaN
5,9,1,464.64,5,NaN,NaN
5,9,1,672.85,5,NaN,NaN
5,9,1,655.45,5,NaN,NaN
5,9,1,587.37,5,NaN,NaN
5,9,1,452.43,5,NaN,NaN
5,9,1,447.87,5,NaN,NaN
5,9,1,381.52,5,NaN,NaN
5,9,1,436.81,5,NaN,NaN
5,9,1,457.47,5,NaN,NaN
5,9,1,512.1,5,NaN,NaN
5,9,1,539.34,5,NaN,NaN
5,9,1,399.05,5,NaN,NaN
5,9,1,495.6,5,NaN,NaN
5,9,1,485.13,5,NaN,NaN
5,9,1,632.99,5,NaN,NaN
5,9,1,535.78,5,NaN,NaN
5,9,1,569.07,5,NaN,NaN
5,9,1,591.36,5,NaN,NaN
5,9,1,432.01,5,NaN,NaN
5,9,1,456.28,5,NaN,NaN
5,9,1,409.68,5,NaN,NaN
5,9,1,437.7,5,NaN,NaN
5,9,1,594.95,5,NaN,NaN
5,9,1,450.98,5,NaN,NaN
5,9,1,431.01,5,NaN,NaN
5,9,1,709.56,5,NaN,NaN
5,9,1,417,5,NaN,NaN
5,9,1,440.95,5,NaN,NaN
5,9,1,436.83,5,NaN,NaN
5,9,1,699.15,5,NaN,NaN
5,9,1,496.4,5,NaN,NaN
5,9,1,721.46,5,NaN,NaN
5,9,1,485.54,5,NaN,NaN
5,9,1,487.16,5,NaN,NaN
5,9,1,398.91,5,NaN,NaN
5,9,1,394.22,5,NaN,NaN
5,9,1,372.16,5,NaN,NaN
5,9,1,494.22,5,NaN,NaN
5,9,1,378.13,5,NaN,NaN
5,9,1,474.46,5,NaN,NaN
5,9,1,655.24,5,NaN,NaN
5,9,1,643.19,5,NaN,NaN
6,6,1,764.08,2,NaN,NaN
6,6,1,470.18,2,NaN,NaN
6,6,1,540.21,2,NaN,NaN
6,6,1,582.13,2,NaN,NaN
6,6,1,911.49,2,NaN,NaN
6,6,1,438.2,2,NaN,NaN
6,6,1,620.77,2,NaN,NaN
6,6,1,479.21,2,NaN,NaN
6,6,1,624.65,2,NaN,NaN
6,6,1,476.18,2,NaN,NaN
6,6,1,514.56,2,NaN,NaN
6,6,1,522.05,2,NaN,NaN
6,6,1,567.09,2,NaN,NaN
6,6,1,812.79,2,NaN,NaN
6,6,1,560.9,2,NaN,NaN
6,6,1,534.51,2,NaN,NaN
6,6,1,492.57,2,NaN,NaN
6,6,1,494.72,2,NaN,NaN
6,6,1,571.42,2,NaN,NaN
6,6,1,579.48,2,NaN,NaN
6,6,1,454.85,2,NaN,NaN
6,6,1,577.89,2,NaN,NaN
6,6,1,454.87,2,NaN,NaN
6,6,1,607.03,2,NaN,NaN
6,6,1,559.56,2,NaN,NaN
6,6,1,466.06,2,NaN,NaN
6,6,1,429.95,2,NaN,NaN
6,6,1,471.16,2,NaN,NaN
6,6,1,382.78,2,NaN,NaN
6,6,1,455.39,2,NaN,NaN
6,6,1,365.7,2,NaN,NaN
6,6,1,420.13,2,NaN,NaN
6,6,1,525.27,2,NaN,NaN
6,6,1,409.18,2,NaN,NaN
6,6,1,434.52,2,NaN,NaN
6,6,1,399.49,2,NaN,NaN
6,6,1,516.77,2,NaN,NaN
6,6,1,487.44,2,NaN,NaN
6,6,1,452.76,2,NaN,NaN
6,6,1,502.15,2,NaN,NaN
6,6,1,530.81,2,NaN,NaN
6,6,1,375.65,2,NaN,NaN
6,6,1,565.28,2,NaN,NaN
6,6,1,563.22,2,NaN,NaN
6,6,1,417.27,2,NaN,NaN
6,6,1,765.9,2,NaN,NaN
6,6,1,536.51,2,NaN,NaN
6,6,1,604.29,2,NaN,NaN
6,6,1,496.93,2,NaN,NaN
6,6,1,429.08,2,NaN,NaN
6,6,1,424.5,2,NaN,NaN
6,6,1,522.57,2,NaN,NaN
6,6,1,934.68,2,NaN,NaN
6,6,1,451.35,2,NaN,NaN
6,6,1,504.92,2,NaN,NaN
6,6,1,450.35,2,NaN,NaN
6,6,1,484.01,2,NaN,NaN
6,6,1,412.6,2,NaN,NaN
6,6,1,487.75,2,NaN,NaN
6,6,1,495.13,2,NaN,NaN
6,6,1,527.78,2,NaN,NaN
6,6,1,492.94,2,NaN,NaN
6,6,1,422,2,NaN,NaN
6,6,1,500.42,2,NaN,NaN
6,6,1,539.91,2,NaN,NaN
6,6,1,429.89,2,NaN,NaN
6,6,1,445.61,2,NaN,NaN
6,6,1,434.44,2,NaN,NaN
6,6,1,595.62,2,NaN,NaN
6,6,1,541.79,2,NaN,NaN
6,6,1,544.74,2,NaN,NaN
6,6,1,383.3,2,NaN,NaN
6,6,1,374.32,2,NaN,NaN
6,6,1,393.64,2,NaN,NaN
6,6,1,473.78,2,NaN,NaN
6,6,1,385.89,2,NaN,NaN
6,6,1,664.32,2,NaN,NaN
6,6,1,517.28,2,NaN,NaN
6,6,1,494.93,2,NaN,NaN
6,6,1,382.3,2,NaN,NaN
6,6,1,540,2,NaN,NaN
6,6,1,460.45,2,NaN,NaN
6,6,1,527.24,2,NaN,NaN
6,6,1,455.15,2,NaN,NaN
6,6,1,440.53,2,NaN,NaN
6,6,1,583.39,2,NaN,NaN
6,6,1,420.7,2,NaN,NaN
6,6,1,492.48,2,NaN,NaN
6,6,1,415.64,2,NaN,NaN
6,6,1,472.45,2,NaN,NaN
6,6,1,530.71,2,NaN,NaN
6,6,1,453.59,3,NaN,NaN
6,6,1,342.29,3,NaN,NaN
6,6,1,405.3,3,NaN,NaN
6,6,1,446.78,3,NaN,NaN
6,6,1,383.29,3,NaN,NaN
6,6,1,361.74,3,NaN,NaN
6,6,1,460.43,3,NaN,NaN
6,6,1,415.11,3,NaN,NaN
6,6,1,866.27,3,NaN,NaN
6,6,1,485.7,3,NaN,NaN
6,6,1,386.55,3,NaN,NaN
6,6,1,405.71,3,NaN,NaN
6,6,1,404.42,3,NaN,NaN
6,6,1,346.97,3,NaN,NaN
6,6,1,478.96,3,NaN,NaN
6,6,1,389.07,3,NaN,NaN
6,6,1,398.32,3,NaN,NaN
6,6,1,782.94,3,NaN,NaN
6,6,1,436.01,3,NaN,NaN
6,6,1,507.88,3,NaN,NaN
6,6,1,431.78,3,NaN,NaN
6,6,1,357.7,3,NaN,NaN
6,6,1,345.72,3,NaN,NaN
6,6,1,417.09,3,NaN,NaN
6,6,1,396.45,3,NaN,NaN
6,6,1,407.61,3,NaN,NaN
6,6,1,327.4,3,NaN,NaN
6,6,1,407.25,3,NaN,NaN
6,6,1,495.22,3,NaN,NaN
6,6,1,476.42,3,NaN,NaN
6,6,1,467.83,3,NaN,NaN
6,6,1,434.45,3,NaN,NaN
6,6,1,459.81,3,NaN,NaN
6,6,1,510.15,3,NaN,NaN
6,6,1,474.28,3,NaN,NaN
6,6,1,348.28,3,NaN,NaN
6,6,1,647.37,3,NaN,NaN
6,6,1,486.68,3,NaN,NaN
6,6,1,532.02,3,NaN,NaN
6,6,1,417.75,3,NaN,NaN
6,6,1,488.36,3,NaN,NaN
6,6,1,408.37,3,NaN,NaN
6,6,1,448.44,3,NaN,NaN
6,6,1,380.39,3,NaN,NaN
6,6,1,437.08,3,NaN,NaN
6,6,1,391.02,3,NaN,NaN
6,6,1,423.32,3,NaN,NaN
6,6,1,370.57,3,NaN,NaN
6,6,1,345.54,3,NaN,NaN
6,6,1,472.61,3,NaN,NaN
6,6,1,409.15,3,NaN,NaN
6,6,1,434.43,3,NaN,NaN
6,6,1,410.44,3,NaN,NaN
6,6,1,299.84,3,NaN,NaN
6,6,1,537.67,3,NaN,NaN
6,6,1,480.68,3,NaN,NaN
6,6,1,348.64,3,NaN,NaN
6,6,1,446.36,3,NaN,NaN
6,6,1,468.44,3,NaN,NaN
6,6,1,369.77,3,NaN,NaN
6,6,1,408.53,3,NaN,NaN
6,6,1,472.78,3,NaN,NaN
6,6,1,418.71,3,NaN,NaN
6,6,1,548.74,3,NaN,NaN
6,6,1,569.02,3,NaN,NaN
6,6,1,483.73,3,NaN,NaN
6,6,1,416.37,3,NaN,NaN
6,6,1,437.71,3,NaN,NaN
6,6,1,446.29,3,NaN,NaN
6,6,1,531.65,3,NaN,NaN
6,6,1,450.22,3,NaN,NaN
6,6,1,446.92,3,NaN,NaN
6,6,1,877.46,3,NaN,NaN
6,6,1,355.93,3,NaN,NaN
6,6,1,417.55,3,NaN,NaN
6,6,1,386.18,3,NaN,NaN
6,6,1,374.32,3,NaN,NaN
6,6,1,358.49,3,NaN,NaN
6,6,1,429.92,3,NaN,NaN
6,6,1,387.77,3,NaN,NaN
6,6,1,423.91,3,NaN,NaN
6,6,1,433.85,3,NaN,NaN
6,6,1,441.21,3,NaN,NaN
6,6,1,391.06,3,NaN,NaN
6,6,1,526.54,3,NaN,NaN
6,6,1,611.94,3,NaN,NaN
6,6,1,548.82,3,NaN,NaN
6,6,1,501.42,3,NaN,NaN
6,6,1,499.96,3,NaN,NaN
6,6,1,406.95,3,NaN,NaN
6,6,1,561.59,3,NaN,NaN
6,6,1,393.09,3,NaN,NaN
6,6,1,488.51,3,NaN,NaN
6,6,1,381.66,4,NaN,NaN
6,6,1,449.91,4,NaN,NaN
6,6,1,384.69,4,NaN,NaN
6,6,1,474.01,4,NaN,NaN
6,6,1,416.3,4,NaN,NaN
6,6,1,400.62,4,NaN,NaN
6,6,1,488.44,4,NaN,NaN
6,6,1,429.22,4,NaN,NaN
6,6,1,493.17,4,NaN,NaN
6,6,1,426.42,4,NaN,NaN
6,6,1,470.73,4,NaN,NaN
6,6,1,498.65,4,NaN,NaN
6,6,1,330.2,4,NaN,NaN
6,6,1,507.61,4,NaN,NaN
6,6,1,506.7,4,NaN,NaN
6,6,1,406.69,4,NaN,NaN
6,6,1,522.57,4,NaN,NaN
6,6,1,433.8,4,NaN,NaN
6,6,1,391.96,4,NaN,NaN
6,6,1,392.28,4,NaN,NaN
6,6,1,308.79,4,NaN,NaN
6,6,1,280.61,4,NaN,NaN
6,6,1,368.46,4,NaN,NaN
6,6,1,424.59,4,NaN,NaN
6,6,1,648.3,4,NaN,NaN
6,6,1,363.67,4,NaN,NaN
6,6,1,556.4,4,NaN,NaN
6,6,1,391.13,4,NaN,NaN
6,6,1,414.28,4,NaN,NaN
6,6,1,414.83,4,NaN,NaN
6,6,1,452.32,4,NaN,NaN
6,6,1,638.34,4,NaN,NaN
6,6,1,476.52,4,NaN,NaN
6,6,1,463.95,4,NaN,NaN
6,6,1,472.43,4,NaN,NaN
6,6,1,504.53,4,NaN,NaN
6,6,1,485.22,4,NaN,NaN
6,6,1,408.41,4,NaN,NaN
6,6,1,307.32,4,NaN,NaN
6,6,1,418.52,4,NaN,NaN
6,6,1,361.1,4,NaN,NaN
6,6,1,484.52,4,NaN,NaN
6,6,1,498.61,4,NaN,NaN
6,6,1,357.31,4,NaN,NaN
6,6,1,455.27,4,NaN,NaN
6,6,1,441.45,4,NaN,NaN
6,6,1,431.48,4,NaN,NaN
6,6,1,465.8,4,NaN,NaN
6,6,1,418.72,4,NaN,NaN
6,6,1,374.49,4,NaN,NaN
6,6,1,347.52,4,NaN,NaN
6,6,1,386.28,4,NaN,NaN
6,6,1,348.85,4,NaN,NaN
6,6,1,419.51,4,NaN,NaN
6,6,1,360.7,4,NaN,NaN
6,6,1,407.41,4,NaN,NaN
6,6,1,357.33,4,NaN,NaN
6,6,1,448.62,4,NaN,NaN
6,6,1,447.39,4,NaN,NaN
6,6,1,335.37,4,NaN,NaN
6,6,1,411.92,4,NaN,NaN
6,6,1,464.84,4,NaN,NaN
6,6,1,497.51,4,NaN,NaN
6,6,1,582.41,4,NaN,NaN
6,6,1,361.71,4,NaN,NaN
6,6,1,369.3,4,NaN,NaN
6,6,1,473.85,4,NaN,NaN
6,6,1,639.31,4,NaN,NaN
6,6,1,615.43,4,NaN,NaN
6,6,1,458.98,4,NaN,NaN
6,6,1,358.19,4,NaN,NaN
6,6,1,444.41,4,NaN,NaN
6,6,1,403.02,4,NaN,NaN
6,6,1,405.57,4,NaN,NaN
6,6,1,342.3,4,NaN,NaN
6,6,1,519.22,4,NaN,NaN
6,6,1,390.93,4,NaN,NaN
6,6,1,360.16,4,NaN,NaN
6,6,1,370.07,4,NaN,NaN
6,6,1,505.95,4,NaN,NaN
6,6,1,766.63,4,NaN,NaN
6,6,1,405.83,4,NaN,NaN
6,6,1,463.1,4,NaN,NaN
6,6,1,488.87,4,NaN,NaN
6,6,1,405.46,4,NaN,NaN
6,6,1,289.6,4,NaN,NaN
6,6,1,373.44,4,NaN,NaN
6,6,1,617.04,4,NaN,NaN
6,6,1,583.02,4,NaN,NaN
6,6,1,481.22,4,NaN,NaN
6,6,1,509.29,4,NaN,NaN
6,6,1,447.96,4,NaN,NaN
6,6,1,375.57,4,NaN,NaN
6,6,1,575.88,5,NaN,NaN
6,6,1,635.45,5,NaN,NaN
6,6,1,326.93,5,NaN,NaN
6,6,1,333.83,5,NaN,NaN
6,6,1,342.85,5,NaN,NaN
6,6,1,546.38,5,NaN,NaN
6,6,1,335.11,5,NaN,NaN
6,6,1,371.45,5,NaN,NaN
6,6,1,382,5,NaN,NaN
6,6,1,308.03,5,NaN,NaN
6,6,1,346.02,5,NaN,NaN
6,6,1,437.78,5,NaN,NaN
6,6,1,557.96,5,NaN,NaN
6,6,1,316.56,5,NaN,NaN
6,6,1,359.82,5,NaN,NaN
6,6,1,390.45,5,NaN,NaN
6,6,1,416.96,5,NaN,NaN
6,6,1,481.75,5,NaN,NaN
6,6,1,307.06,5,NaN,NaN
6,6,1,318.28,5,NaN,NaN
6,6,1,256.16,5,NaN,NaN
6,6,1,456.12,5,NaN,NaN
6,6,1,342.01,5,NaN,NaN
6,6,1,353.4,5,NaN,NaN
6,6,1,327.43,5,NaN,NaN
6,6,1,466.39,5,NaN,NaN
6,6,1,526.31,5,NaN,NaN
6,6,1,456.25,5,NaN,NaN
6,6,1,502.78,5,NaN,NaN
6,6,1,372.75,5,NaN,NaN
6,6,1,395.57,5,NaN,NaN
6,6,1,461,5,NaN,NaN
6,6,1,434.59,5,NaN,NaN
6,6,1,253.56,5,NaN,NaN
6,6,1,306.89,5,NaN,NaN
6,6,1,337.31,5,NaN,NaN
6,6,1,306.1,5,NaN,NaN
6,6,1,368,5,NaN,NaN
6,6,1,462.6,5,NaN,NaN
6,6,1,428.85,5,NaN,NaN
6,6,1,510.98,5,NaN,NaN
6,6,1,671.12,5,NaN,NaN
6,6,1,429.8,5,NaN,NaN
6,6,1,509.1,5,NaN,NaN
6,6,1,408.76,5,NaN,NaN
6,6,1,462.2,5,NaN,NaN
6,6,1,354.77,5,NaN,NaN
6,6,1,368.76,5,NaN,NaN
6,6,1,491.77,5,NaN,NaN
6,6,1,440.86,5,NaN,NaN
6,6,1,350.21,5,NaN,NaN
6,6,1,302.14,5,NaN,NaN
6,6,1,589.78,5,NaN,NaN
6,6,1,371.87,5,NaN,NaN
6,6,1,393.06,5,NaN,NaN
6,6,1,400.98,5,NaN,NaN
6,6,1,513.37,5,NaN,NaN
6,6,1,466.69,5,NaN,NaN
6,6,1,305.09,5,NaN,NaN
6,6,1,491.64,5,NaN,NaN
6,6,1,493.62,5,NaN,NaN
6,6,1,499.57,5,NaN,NaN
6,6,1,509.92,5,NaN,NaN
6,6,1,406.88,5,NaN,NaN
6,6,1,456.19,5,NaN,NaN
6,6,1,549.64,5,NaN,NaN
6,6,1,435.75,5,NaN,NaN
6,6,1,488.67,5,NaN,NaN
6,6,1,519.54,5,NaN,NaN
6,6,1,407,5,NaN,NaN
6,6,1,488.43,5,NaN,NaN
6,6,1,530.46,5,NaN,NaN
6,6,1,375.08,5,NaN,NaN
6,6,1,557.51,5,NaN,NaN
6,6,1,651.66,5,NaN,NaN
6,6,1,388.39,5,NaN,NaN
6,6,1,528.74,5,NaN,NaN
6,6,1,369.35,5,NaN,NaN
6,6,1,340.07,5,NaN,NaN
6,6,1,330.52,5,NaN,NaN
6,6,1,321.19,5,NaN,NaN
6,6,1,407.43,5,NaN,NaN
6,6,1,496.69,5,NaN,NaN
6,6,1,436.72,5,NaN,NaN
6,6,1,469.12,5,NaN,NaN
6,6,1,324.01,5,NaN,NaN
6,6,1,605.86,5,NaN,NaN
6,6,1,382.54,5,NaN,NaN
6,6,1,416.1,5,NaN,NaN
6,6,1,636.68,5,NaN,NaN
7,1,1,760.02,2,NaN,NaN
7,1,1,705.4,2,NaN,NaN
7,1,1,889.2,2,NaN,NaN
7,1,1,686.13,2,NaN,NaN
7,1,1,773.55,2,NaN,NaN
7,1,1,544.9,2,NaN,NaN
7,1,1,592.9,2,NaN,NaN
7,1,1,526.33,2,NaN,NaN
7,1,1,607.31,2,NaN,NaN
7,1,1,514.74,2,NaN,NaN
7,1,1,653.03,2,NaN,NaN
7,1,1,659.73,2,NaN,NaN
7,1,1,643.47,2,NaN,NaN
7,1,1,666.83,2,NaN,NaN
7,1,1,473.9,2,NaN,NaN
7,1,1,756.22,2,NaN,NaN
7,1,1,576.87,2,NaN,NaN
7,1,1,569.54,2,NaN,NaN
7,1,1,577.11,2,NaN,NaN
7,1,1,566.68,2,NaN,NaN
7,1,1,398.85,2,NaN,NaN
7,1,1,453.45,2,NaN,NaN
7,1,1,666.33,2,NaN,NaN
7,1,1,589.82,2,NaN,NaN
7,1,1,547.58,2,NaN,NaN
7,1,1,563.65,2,NaN,NaN
7,1,1,556.28,2,NaN,NaN
7,1,1,741.65,2,NaN,NaN
7,1,1,431.76,2,NaN,NaN
7,1,1,615.37,2,NaN,NaN
7,1,1,557.86,2,NaN,NaN
7,1,1,400.69,2,NaN,NaN
7,1,1,646.93,2,NaN,NaN
7,1,1,587.93,2,NaN,NaN
7,1,1,649.25,2,NaN,NaN
7,1,1,724.59,2,NaN,NaN
7,1,1,602.04,2,NaN,NaN
7,1,1,623.53,2,NaN,NaN
7,1,1,557.75,2,NaN,NaN
7,1,1,633.76,2,NaN,NaN
7,1,1,559.83,2,NaN,NaN
7,1,1,763.38,2,NaN,NaN
7,1,1,615.04,2,NaN,NaN
7,1,1,790.68,2,NaN,NaN
7,1,1,596.77,2,NaN,NaN
7,1,1,764.92,2,NaN,NaN
7,1,1,542.33,2,NaN,NaN
7,1,1,767.66,2,NaN,NaN
7,1,1,579.79,2,NaN,NaN
7,1,1,553.81,2,NaN,NaN
7,1,1,642.17,2,NaN,NaN
7,1,1,618.35,2,NaN,NaN
7,1,1,473.21,2,NaN,NaN
7,1,1,454.7,2,NaN,NaN
7,1,1,629.24,2,NaN,NaN
7,1,1,820.65,2,NaN,NaN
7,1,1,669,2,NaN,NaN
7,1,1,570.41,2,NaN,NaN
7,1,1,726.41,2,NaN,NaN
7,1,1,275.52,2,NaN,NaN
7,1,1,462.99,2,NaN,NaN
7,1,1,607.18,2,NaN,NaN
7,1,1,519.08,2,NaN,NaN
7,1,1,484.43,2,NaN,NaN
7,1,1,607.26,2,NaN,NaN
7,1,1,567.86,2,NaN,NaN
7,1,1,748.59,2,NaN,NaN
7,1,1,658.96,2,NaN,NaN
7,1,1,595.1,2,NaN,NaN
7,1,1,563.94,2,NaN,NaN
7,1,1,576.36,2,NaN,NaN
7,1,1,745.63,2,NaN,NaN
7,1,1,639.15,2,NaN,NaN
7,1,1,516.5,2,NaN,NaN
7,1,1,472.93,2,NaN,NaN
7,1,1,738.5,2,NaN,NaN
7,1,1,427.88,2,NaN,NaN
7,1,1,495.2,2,NaN,NaN
7,1,1,475.28,2,NaN,NaN
7,1,1,682.31,2,NaN,NaN
7,1,1,604.28,2,NaN,NaN
7,1,1,513.68,2,NaN,NaN
7,1,1,602.39,2,NaN,NaN
7,1,1,599.14,2,NaN,NaN
7,1,1,527.81,2,NaN,NaN
7,1,1,491.22,2,NaN,NaN
7,1,1,806.07,2,NaN,NaN
7,1,1,341.63,3,NaN,NaN
7,1,1,376.88,3,NaN,NaN
7,1,1,450.35,3,NaN,NaN
7,1,1,603.69,3,NaN,NaN
7,1,1,629.62,3,NaN,NaN
7,1,1,552.54,3,NaN,NaN
7,1,1,594.83,3,NaN,NaN
7,1,1,610.33,3,NaN,NaN
7,1,1,518.46,3,NaN,NaN
7,1,1,541.67,3,NaN,NaN
7,1,1,339.7,3,NaN,NaN
7,1,1,621.54,3,NaN,NaN
7,1,1,581.62,3,NaN,NaN
7,1,1,519.5,3,NaN,NaN
7,1,1,494.98,3,NaN,NaN
7,1,1,602.48,3,NaN,NaN
7,1,1,598.91,3,NaN,NaN
7,1,1,577.07,3,NaN,NaN
7,1,1,379.25,3,NaN,NaN
7,1,1,456.5,3,NaN,NaN
7,1,1,525.82,3,NaN,NaN
7,1,1,565.11,3,NaN,NaN
7,1,1,664.25,3,NaN,NaN
7,1,1,719.59,3,NaN,NaN
7,1,1,548.25,3,NaN,NaN
7,1,1,543.44,3,NaN,NaN
7,1,1,589.85,3,NaN,NaN
7,1,1,671.02,3,NaN,NaN
7,1,1,526.18,3,NaN,NaN
7,1,1,492.53,3,NaN,NaN
7,1,1,504.48,3,NaN,NaN
7,1,1,411.7,3,NaN,NaN
7,1,1,680.87,3,NaN,NaN
7,1,1,598.55,3,NaN,NaN
7,1,1,439.9,3,NaN,NaN
7,1,1,562.57,3,NaN,NaN
7,1,1,617.66,3,NaN,NaN
7,1,1,720.65,3,NaN,NaN
7,1,1,593.51,3,NaN,NaN
7,1,1,505.45,3,NaN,NaN
7,1,1,500.95,3,NaN,NaN
7,1,1,441.56,3,NaN,NaN
7,1,1,768.25,3,NaN,NaN
7,1,1,393.76,3,NaN,NaN
7,1,1,572.94,3,NaN,NaN
7,1,1,642.12,3,NaN,NaN
7,1,1,616.72,3,NaN,NaN
7,1,1,507.32,3,NaN,NaN
7,1,1,607.25,3,NaN,NaN
7,1,1,625.11,3,NaN,NaN
7,1,1,569.65,3,NaN,NaN
7,1,1,573.69,3,NaN,NaN
7,1,1,742.55,3,NaN,NaN
7,1,1,459.87,3,NaN,NaN
7,1,1,472.57,3,NaN,NaN
7,1,1,451.54,3,NaN,NaN
7,1,1,649.74,3,NaN,NaN
7,1,1,592.78,3,NaN,NaN
7,1,1,579.33,3,NaN,NaN
7,1,1,558.18,3,NaN,NaN
7,1,1,424.93,3,NaN,NaN
7,1,1,393.35,3,NaN,NaN
7,1,1,725.45,3,NaN,NaN
7,1,1,766.85,3,NaN,NaN
7,1,1,550.84,3,NaN,NaN
7,1,1,628.38,3,NaN,NaN
7,1,1,379.55,3,NaN,NaN
7,1,1,460.76,3,NaN,NaN
7,1,1,502.16,3,NaN,NaN
7,1,1,442.19,3,NaN,NaN
7,1,1,540.19,3,NaN,NaN
7,1,1,503.45,3,NaN,NaN
7,1,1,459.05,3,NaN,NaN
7,1,1,543.44,3,NaN,NaN
7,1,1,491.32,3,NaN,NaN
7,1,1,613.94,3,NaN,NaN
7,1,1,804.13,3,NaN,NaN
7,1,1,389.75,3,NaN,NaN
7,1,1,654.37,3,NaN,NaN
7,1,1,465.82,3,NaN,NaN
7,1,1,464.47,3,NaN,NaN
7,1,1,479.2,3,NaN,NaN
7,1,1,559.09,3,NaN,NaN
7,1,1,652.54,3,NaN,NaN
7,1,1,524.14,3,NaN,NaN
7,1,1,546.74,3,NaN,NaN
7,1,1,665.49,3,NaN,NaN
7,1,1,504.43,3,NaN,NaN
7,1,1,553.8,3,NaN,NaN
7,1,1,477.81,3,NaN,NaN
7,1,1,511.71,3,NaN,NaN
7,1,1,526.77,4,NaN,NaN
7,1,1,907.2,4,NaN,NaN
7,1,1,463.18,4,NaN,NaN
7,1,1,760.01,4,NaN,NaN
7,1,1,378.86,4,NaN,NaN
7,1,1,677.79,4,NaN,NaN
7,1,1,429.27,4,NaN,NaN
7,1,1,500.77,4,NaN,NaN
7,1,1,570.07,4,NaN,NaN
7,1,1,509.4,4,NaN,NaN
7,1,1,551.04,4,NaN,NaN
7,1,1,518.92,4,NaN,NaN
7,1,1,450.84,4,NaN,NaN
7,1,1,379.59,4,NaN,NaN
7,1,1,546.24,4,NaN,NaN
7,1,1,381.35,4,NaN,NaN
7,1,1,472.26,4,NaN,NaN
7,1,1,632.51,4,NaN,NaN
7,1,1,515.06,4,NaN,NaN
7,1,1,607.79,4,NaN,NaN
7,1,1,558.87,4,NaN,NaN
7,1,1,498.48,4,NaN,NaN
7,1,1,717.73,4,NaN,NaN
7,1,1,598.45,4,NaN,NaN
7,1,1,463.81,4,NaN,NaN
7,1,1,445.72,4,NaN,NaN
7,1,1,340.36,4,NaN,NaN
7,1,1,359.08,4,NaN,NaN
7,1,1,563.02,4,NaN,NaN
7,1,1,569.81,4,NaN,NaN
7,1,1,507.82,4,NaN,NaN
7,1,1,394.56,4,NaN,NaN
7,1,1,438.75,4,NaN,NaN
7,1,1,539.99,4,NaN,NaN
7,1,1,579.84,4,NaN,NaN
7,1,1,481.23,4,NaN,NaN
7,1,1,492.65,4,NaN,NaN
7,1,1,549.74,4,NaN,NaN
7,1,1,449.03,4,NaN,NaN
7,1,1,424.47,4,NaN,NaN
7,1,1,527.13,4,NaN,NaN
7,1,1,517.86,4,NaN,NaN
7,1,1,443.05,4,NaN,NaN
7,1,1,695.76,4,NaN,NaN
7,1,1,592.74,4,NaN,NaN
7,1,1,616.51,4,NaN,NaN
7,1,1,643.86,4,NaN,NaN
7,1,1,569.66,4,NaN,NaN
7,1,1,503.53,4,NaN,NaN
7,1,1,507.43,4,NaN,NaN
7,1,1,454.75,4,NaN,NaN
7,1,1,427.51,4,NaN,NaN
7,1,1,391.22,4,NaN,NaN
7,1,1,328.59,4,NaN,NaN
7,1,1,497.99,4,NaN,NaN
7,1,1,571.14,4,NaN,NaN
7,1,1,573.39,4,NaN,NaN
7,1,1,594.46,4,NaN,NaN
7,1,1,504.21,4,NaN,NaN
7,1,1,388.1,4,NaN,NaN
7,1,1,548.08,4,NaN,NaN
7,1,1,464.67,4,NaN,NaN
7,1,1,672.47,4,NaN,NaN
7,1,1,530.19,4,NaN,NaN
7,1,1,527.11,4,NaN,NaN
7,1,1,539.25,4,NaN,NaN
7,1,1,624.26,4,NaN,NaN
7,1,1,552.56,4,NaN,NaN
7,1,1,661.42,4,NaN,NaN
7,1,1,684.96,4,NaN,NaN
7,1,1,602.07,4,NaN,NaN
7,1,1,600.76,4,NaN,NaN
7,1,1,497.51,4,NaN,NaN
7,1,1,666.66,4,NaN,NaN
7,1,1,578.7,4,NaN,NaN
7,1,1,639.19,4,NaN,NaN
7,1,1,493.03,4,NaN,NaN
7,1,1,362.45,4,NaN,NaN
7,1,1,411.78,4,NaN,NaN
7,1,1,459.96,4,NaN,NaN
7,1,1,435.36,4,NaN,NaN
7,1,1,360.42,4,NaN,NaN
7,1,1,370.5,4,NaN,NaN
7,1,1,480.88,4,NaN,NaN
7,1,1,599.19,4,NaN,NaN
7,1,1,352.17,4,NaN,NaN
7,1,1,587.57,4,NaN,NaN
7,1,1,565.49,4,NaN,NaN
7,1,1,414.89,4,NaN,NaN
7,1,1,679.45,5,NaN,NaN
7,1,1,501.51,5,NaN,NaN
7,1,1,455.36,5,NaN,NaN
7,1,1,514.47,5,NaN,NaN
7,1,1,526.2,5,NaN,NaN
7,1,1,430.92,5,NaN,NaN
7,1,1,495.54,5,NaN,NaN
7,1,1,485.61,5,NaN,NaN
7,1,1,496.85,5,NaN,NaN
7,1,1,389.9,5,NaN,NaN
7,1,1,579.72,5,NaN,NaN
7,1,1,605.83,5,NaN,NaN
7,1,1,367.81,5,NaN,NaN
7,1,1,586.06,5,NaN,NaN
7,1,1,547.21,5,NaN,NaN
7,1,1,591.17,5,NaN,NaN
7,1,1,633.82,5,NaN,NaN
7,1,1,488.24,5,NaN,NaN
7,1,1,490.03,5,NaN,NaN
7,1,1,487.37,5,NaN,NaN
7,1,1,413.51,5,NaN,NaN
7,1,1,506.63,5,NaN,NaN
7,1,1,479.78,5,NaN,NaN
7,1,1,470.83,5,NaN,NaN
7,1,1,594.04,5,NaN,NaN
7,1,1,515.09,5,NaN,NaN
7,1,1,447.79,5,NaN,NaN
7,1,1,528.23,5,NaN,NaN
7,1,1,434.77,5,NaN,NaN
7,1,1,384.77,5,NaN,NaN
7,1,1,434.67,5,NaN,NaN
7,1,1,529.21,5,NaN,NaN
7,1,1,599.16,5,NaN,NaN
7,1,1,481.13,5,NaN,NaN
7,1,1,491.7,5,NaN,NaN
7,1,1,409.11,5,NaN,NaN
7,1,1,419.16,5,NaN,NaN
7,1,1,558.5,5,NaN,NaN
7,1,1,386.31,5,NaN,NaN
7,1,1,457.06,5,NaN,NaN
7,1,1,513.9,5,NaN,NaN
7,1,1,496.04,5,NaN,NaN
7,1,1,414.02,5,NaN,NaN
7,1,1,528.74,5,NaN,NaN
7,1,1,701.33,5,NaN,NaN
7,1,1,647.25,5,NaN,NaN
7,1,1,374.33,5,NaN,NaN
7,1,1,547.61,5,NaN,NaN
7,1,1,494.94,5,NaN,NaN
7,1,1,547.94,5,NaN,NaN
7,1,1,503.19,5,NaN,NaN
7,1,1,481.83,5,NaN,NaN
7,1,1,597.74,5,NaN,NaN
7,1,1,676.53,5,NaN,NaN
7,1,1,690.5,5,NaN,NaN
7,1,1,400.56,5,NaN,NaN
7,1,1,528.65,5,NaN,NaN
7,1,1,516.77,5,NaN,NaN
7,1,1,657.45,5,NaN,NaN
7,1,1,642.17,5,NaN,NaN
7,1,1,392.9,5,NaN,NaN
7,1,1,521.67,5,NaN,NaN
7,1,1,762.98,5,NaN,NaN
7,1,1,637.95,5,NaN,NaN
7,1,1,537.02,5,NaN,NaN
7,1,1,690.5,5,NaN,NaN
7,1,1,490.71,5,NaN,NaN
7,1,1,659.02,5,NaN,NaN
7,1,1,624.61,5,NaN,NaN
7,1,1,528.18,5,NaN,NaN
7,1,1,624.39,5,NaN,NaN
7,1,1,499.59,5,NaN,NaN
7,1,1,529.71,5,NaN,NaN
7,1,1,351.67,5,NaN,NaN
7,1,1,532.42,5,NaN,NaN
7,1,1,591.66,5,NaN,NaN
7,1,1,472.25,5,NaN,NaN
7,1,1,674.19,5,NaN,NaN
7,1,1,411.5,5,NaN,NaN
7,1,1,568.12,5,NaN,NaN
7,1,1,504.93,5,NaN,NaN
7,1,1,640.03,5,NaN,NaN
7,1,1,573.1,5,NaN,NaN
7,1,1,450.94,5,NaN,NaN
7,1,1,383.3,5,NaN,NaN
7,1,1,553.23,5,NaN,NaN
7,1,1,532.58,5,NaN,NaN
7,1,1,378.53,5,NaN,NaN
7,1,1,706.66,5,NaN,NaN
7,1,1,484.82,5,NaN,NaN
7,1,1,545.96,5,NaN,NaN
8,2,1,492.75,2,NaN,NaN
8,2,1,521.26,2,NaN,NaN
8,2,1,481.23,2,NaN,NaN
8,2,1,441.19,2,NaN,NaN
8,2,1,646.11,2,NaN,NaN
8,2,1,447.49,2,NaN,NaN
8,2,1,598.42,2,NaN,NaN
8,2,1,510.42,2,NaN,NaN
8,2,1,434.63,2,NaN,NaN
8,2,1,521.33,2,NaN,NaN
8,2,1,596.16,2,NaN,NaN
8,2,1,538.98,2,NaN,NaN
8,2,1,589.03,2,NaN,NaN
8,2,1,516.63,2,NaN,NaN
8,2,1,488.71,2,NaN,NaN
8,2,1,597.79,2,NaN,NaN
8,2,1,544.98,2,NaN,NaN
8,2,1,460.86,2,NaN,NaN
8,2,1,661.44,2,NaN,NaN
8,2,1,578.29,2,NaN,NaN
8,2,1,433.6,2,NaN,NaN
8,2,1,454.45,2,NaN,NaN
8,2,1,461.94,2,NaN,NaN
8,2,1,474.2,2,NaN,NaN
8,2,1,444.52,2,NaN,NaN
8,2,1,479.22,2,NaN,NaN
8,2,1,441.96,2,NaN,NaN
8,2,1,465.3,2,NaN,NaN
8,2,1,375.91,2,NaN,NaN
8,2,1,558.33,2,NaN,NaN
8,2,1,477.9,2,NaN,NaN
8,2,1,457.98,2,NaN,NaN
8,2,1,515.7,2,NaN,NaN
8,2,1,710.37,2,NaN,NaN
8,2,1,417.76,2,NaN,NaN
8,2,1,361.26,2,NaN,NaN
8,2,1,451.23,2,NaN,NaN
8,2,1,403.3,2,NaN,NaN
8,2,1,503.16,2,NaN,NaN
8,2,1,415.79,2,NaN,NaN
8,2,1,599.41,2,NaN,NaN
8,2,1,457.69,2,NaN,NaN
8,2,1,410.53,2,NaN,NaN
8,2,1,402.64,2,NaN,NaN
8,2,1,468.06,2,NaN,NaN
8,2,1,505.26,2,NaN,NaN
8,2,1,560.23,2,NaN,NaN
8,2,1,761.43,2,NaN,NaN
8,2,1,530.45,2,NaN,NaN
8,2,1,542.25,2,NaN,NaN
8,2,1,451.43,2,NaN,NaN
8,2,1,409.12,2,NaN,NaN
8,2,1,420.7,2,NaN,NaN
8,2,1,576.58,2,NaN,NaN
8,2,1,535.5,2,NaN,NaN
8,2,1,601.64,2,NaN,NaN
8,2,1,475.08,2,NaN,NaN
8,2,1,666.87,2,NaN,NaN
8,2,1,506.64,2,NaN,NaN
8,2,1,468.54,2,NaN,NaN
8,2,1,523.39,2,NaN,NaN
8,2,1,497.69,2,NaN,NaN
8,2,1,651,2,NaN,NaN
8,2,1,354.49,2,NaN,NaN
8,2,1,698.93,2,NaN,NaN
8,2,1,645.96,2,NaN,NaN
8,2,1,478.41,2,NaN,NaN
8,2,1,363.5,2,NaN,NaN
8,2,1,515.26,2,NaN,NaN
8,2,1,457.38,2,NaN,NaN
8,2,1,351.02,2,NaN,NaN
8,2,1,404.85,2,NaN,NaN
8,2,1,501.49,2,NaN,NaN
8,2,1,335.18,2,NaN,NaN
8,2,1,470.24,2,NaN,NaN
8,2,1,439.23,2,NaN,NaN
8,2,1,536.49,2,NaN,NaN
8,2,1,413.66,2,NaN,NaN
8,2,1,396.99,2,NaN,NaN
8,2,1,438.38,2,NaN,NaN
8,2,1,346.95,2,NaN,NaN
8,2,1,587.05,2,NaN,NaN
8,2,1,558.82,2,NaN,NaN
8,2,1,549.69,2,NaN,NaN
8,2,1,409.02,2,NaN,NaN
8,2,1,510.47,2,NaN,NaN
8,2,1,789.26,2,NaN,NaN
8,2,1,445.39,2,NaN,NaN
8,2,1,411.08,2,NaN,NaN
8,2,1,499.77,2,NaN,NaN
8,2,1,471.38,2,NaN,NaN
8,2,1,452.76,2,NaN,NaN
8,2,1,439.17,3,NaN,NaN
8,2,1,309.71,3,NaN,NaN
8,2,1,383.98,3,NaN,NaN
8,2,1,433.51,3,NaN,NaN
8,2,1,343.61,3,NaN,NaN
8,2,1,622.55,3,NaN,NaN
8,2,1,384.65,3,NaN,NaN
8,2,1,362.56,3,NaN,NaN
8,2,1,371.86,3,NaN,NaN
8,2,1,357.94,3,NaN,NaN
8,2,1,372.43,3,NaN,NaN
8,2,1,403.07,3,NaN,NaN
8,2,1,405.75,3,NaN,NaN
8,2,1,424.96,3,NaN,NaN
8,2,1,433.63,3,NaN,NaN
8,2,1,441.63,3,NaN,NaN
8,2,1,478.28,3,NaN,NaN
8,2,1,609.09,3,NaN,NaN
8,2,1,360.68,3,NaN,NaN
8,2,1,656.19,3,NaN,NaN
8,2,1,326.85,3,NaN,NaN
8,2,1,321.31,3,NaN,NaN
8,2,1,348.09,3,NaN,NaN
8,2,1,485.33,3,NaN,NaN
8,2,1,301.14,3,NaN,NaN
8,2,1,399.27,3,NaN,NaN
8,2,1,428.73,3,NaN,NaN
8,2,1,395.12,3,NaN,NaN
8,2,1,569.18,3,NaN,NaN
8,2,1,425.1,3,NaN,NaN
8,2,1,441.91,3,NaN,NaN
8,2,1,451.11,3,NaN,NaN
8,2,1,519.77,3,NaN,NaN
8,2,1,460.32,3,NaN,NaN
8,2,1,389.23,3,NaN,NaN
8,2,1,469.93,3,NaN,NaN
8,2,1,351.21,3,NaN,NaN
8,2,1,402.01,3,NaN,NaN
8,2,1,456.05,3,NaN,NaN
8,2,1,366.15,3,NaN,NaN
8,2,1,409.77,3,NaN,NaN
8,2,1,441.03,3,NaN,NaN
8,2,1,433.67,3,NaN,NaN
8,2,1,445.66,3,NaN,NaN
8,2,1,357,3,NaN,NaN
8,2,1,407.58,3,NaN,NaN
8,2,1,438.96,3,NaN,NaN
8,2,1,440.69,3,NaN,NaN
8,2,1,345.98,3,NaN,NaN
8,2,1,352.66,3,NaN,NaN
8,2,1,382.55,3,NaN,NaN
8,2,1,566.47,3,NaN,NaN
8,2,1,685.23,3,NaN,NaN
8,2,1,577.74,3,NaN,NaN
8,2,1,451.76,3,NaN,NaN
8,2,1,373,3,NaN,NaN
8,2,1,492.42,3,NaN,NaN
8,2,1,603.4,3,NaN,NaN
8,2,1,537.34,3,NaN,NaN
8,2,1,723.24,3,NaN,NaN
8,2,1,567.52,3,NaN,NaN
8,2,1,424.91,3,NaN,NaN
8,2,1,344.18,3,NaN,NaN
8,2,1,471.43,3,NaN,NaN
8,2,1,530.99,3,NaN,NaN
8,2,1,389.66,3,NaN,NaN
8,2,1,430.25,3,NaN,NaN
8,2,1,599.1,3,NaN,NaN
8,2,1,666.98,3,NaN,NaN
8,2,1,331.67,3,NaN,NaN
8,2,1,464.96,3,NaN,NaN
8,2,1,330.23,3,NaN,NaN
8,2,1,342.83,3,NaN,NaN
8,2,1,405.43,3,NaN,NaN
8,2,1,432.86,3,NaN,NaN
8,2,1,358.37,3,NaN,NaN
8,2,1,392.13,3,NaN,NaN
8,2,1,384.79,3,NaN,NaN
8,2,1,395.3,3,NaN,NaN
8,2,1,448.37,3,NaN,NaN
8,2,1,415.11,3,NaN,NaN
8,2,1,479.77,3,NaN,NaN
8,2,1,373.74,3,NaN,NaN
8,2,1,446.96,3,NaN,NaN
8,2,1,375.74,3,NaN,NaN
8,2,1,474.53,3,NaN,NaN
8,2,1,395.82,3,NaN,NaN
8,2,1,428.19,3,NaN,NaN
8,2,1,428.22,3,NaN,NaN
8,2,1,332.25,3,NaN,NaN
8,2,1,754.97,3,NaN,NaN
8,2,1,412.11,3,NaN,NaN
8,2,1,443.35,4,NaN,NaN
8,2,1,503.44,4,NaN,NaN
8,2,1,326.67,4,NaN,NaN
8,2,1,290.3,4,NaN,NaN
8,2,1,488.14,4,NaN,NaN
8,2,1,468.45,4,NaN,NaN
8,2,1,331.95,4,NaN,NaN
8,2,1,426.55,4,NaN,NaN
8,2,1,396.14,4,NaN,NaN
8,2,1,415.43,4,NaN,NaN
8,2,1,420.75,4,NaN,NaN
8,2,1,443.27,4,NaN,NaN
8,2,1,333.22,4,NaN,NaN
8,2,1,344.47,4,NaN,NaN
8,2,1,351.65,4,NaN,NaN
8,2,1,410.33,4,NaN,NaN
8,2,1,423.5,4,NaN,NaN
8,2,1,596.57,4,NaN,NaN
8,2,1,473.79,4,NaN,NaN
8,2,1,343.81,4,NaN,NaN
8,2,1,452.35,4,NaN,NaN
8,2,1,428.87,4,NaN,NaN
8,2,1,357.88,4,NaN,NaN
8,2,1,339.05,4,NaN,NaN
8,2,1,474.8,4,NaN,NaN
8,2,1,423.79,4,NaN,NaN
8,2,1,460.39,4,NaN,NaN
8,2,1,478.43,4,NaN,NaN
8,2,1,399.87,4,NaN,NaN
8,2,1,391.2,4,NaN,NaN
8,2,1,899.85,4,NaN,NaN
8,2,1,360.61,4,NaN,NaN
8,2,1,478.45,4,NaN,NaN
8,2,1,429.85,4,NaN,NaN
8,2,1,454.49,4,NaN,NaN
8,2,1,504.12,4,NaN,NaN
8,2,1,607.21,4,NaN,NaN
8,2,1,343.26,4,NaN,NaN
8,2,1,462.64,4,NaN,NaN
8,2,1,561.93,4,NaN,NaN
8,2,1,372.74,4,NaN,NaN
8,2,1,374.75,4,NaN,NaN
8,2,1,295.86,4,NaN,NaN
8,2,1,458.86,4,NaN,NaN
8,2,1,361.99,4,NaN,NaN
8,2,1,444.58,4,NaN,NaN
8,2,1,694.53,4,NaN,NaN
8,2,1,402.65,4,NaN,NaN
8,2,1,424.55,4,NaN,NaN
8,2,1,390.3,4,NaN,NaN
8,2,1,478.86,4,NaN,NaN
8,2,1,434.69,4,NaN,NaN
8,2,1,532.69,4,NaN,NaN
8,2,1,411.54,4,NaN,NaN
8,2,1,493.27,4,NaN,NaN
8,2,1,447.37,4,NaN,NaN
8,2,1,487.88,4,NaN,NaN
8,2,1,447.86,4,NaN,NaN
8,2,1,343.19,4,NaN,NaN
8,2,1,371.27,4,NaN,NaN
8,2,1,575.19,4,NaN,NaN
8,2,1,589.96,4,NaN,NaN
8,2,1,377.06,4,NaN,NaN
8,2,1,421.02,4,NaN,NaN
8,2,1,400.55,4,NaN,NaN
8,2,1,657.77,4,NaN,NaN
8,2,1,456.23,4,NaN,NaN
8,2,1,801.6,4,NaN,NaN
8,2,1,379.62,4,NaN,NaN
8,2,1,458.89,4,NaN,NaN
8,2,1,816.99,4,NaN,NaN
8,2,1,697.8,4,NaN,NaN
8,2,1,306.02,4,NaN,NaN
8,2,1,577.36,4,NaN,NaN
8,2,1,485.7,4,NaN,NaN
8,2,1,467.5,4,NaN,NaN
8,2,1,544.42,4,NaN,NaN
8,2,1,374.36,4,NaN,NaN
8,2,1,630.42,4,NaN,NaN
8,2,1,460.49,4,NaN,NaN
8,2,1,716.48,4,NaN,NaN
8,2,1,719.83,4,NaN,NaN
8,2,1,433.38,4,NaN,NaN
8,2,1,479.26,4,NaN,NaN
8,2,1,445.28,4,NaN,NaN
8,2,1,348.61,4,NaN,NaN
8,2,1,510.9,4,NaN,NaN
8,2,1,580.78,4,NaN,NaN
8,2,1,406.28,4,NaN,NaN
8,2,1,386.9,4,NaN,NaN
8,2,1,354.5,5,NaN,NaN
8,2,1,371.83,5,NaN,NaN
8,2,1,366.81,5,NaN,NaN
8,2,1,314.21,5,NaN,NaN
8,2,1,393.34,5,NaN,NaN
8,2,1,427.45,5,NaN,NaN
8,2,1,504.73,5,NaN,NaN
8,2,1,491.72,5,NaN,NaN
8,2,1,314.09,5,NaN,NaN
8,2,1,353.39,5,NaN,NaN
8,2,1,485.93,5,NaN,NaN
8,2,1,383.62,5,NaN,NaN
8,2,1,448.85,5,NaN,NaN
8,2,1,333.8,5,NaN,NaN
8,2,1,416.39,5,NaN,NaN
8,2,1,337.05,5,NaN,NaN
8,2,1,355.61,5,NaN,NaN
8,2,1,454.22,5,NaN,NaN
8,2,1,421.13,5,NaN,NaN
8,2,1,405.75,5,NaN,NaN
8,2,1,350.47,5,NaN,NaN
8,2,1,355.68,5,NaN,NaN
8,2,1,390.3,5,NaN,NaN
8,2,1,398.85,5,NaN,NaN
8,2,1,356.83,5,NaN,NaN
8,2,1,400.05,5,NaN,NaN
8,2,1,405.75,5,NaN,NaN
8,2,1,496.34,5,NaN,NaN
8,2,1,363.55,5,NaN,NaN
8,2,1,342.1,5,NaN,NaN
8,2,1,493.95,5,NaN,NaN
8,2,1,392.53,5,NaN,NaN
8,2,1,627.14,5,NaN,NaN
8,2,1,603.18,5,NaN,NaN
8,2,1,406.83,5,NaN,NaN
8,2,1,400.14,5,NaN,NaN
8,2,1,361.78,5,NaN,NaN
8,2,1,452.47,5,NaN,NaN
8,2,1,389.51,5,NaN,NaN
8,2,1,640.71,5,NaN,NaN
8,2,1,380.8,5,NaN,NaN
8,2,1,589.43,5,NaN,NaN
8,2,1,424.1,5,NaN,NaN
8,2,1,344.23,5,NaN,NaN
8,2,1,669.39,5,NaN,NaN
8,2,1,458.7,5,NaN,NaN
8,2,1,585.23,5,NaN,NaN
8,2,1,424.76,5,NaN,NaN
8,2,1,372.12,5,NaN,NaN
8,2,1,455.21,5,NaN,NaN
8,2,1,405.23,5,NaN,NaN
8,2,1,471.32,5,NaN,NaN
8,2,1,447.23,5,NaN,NaN
8,2,1,407.14,5,NaN,NaN
8,2,1,433.19,5,NaN,NaN
8,2,1,489.11,5,NaN,NaN
8,2,1,653.68,5,NaN,NaN
8,2,1,369.97,5,NaN,NaN
8,2,1,361.14,5,NaN,NaN
8,2,1,341.02,5,NaN,NaN
8,2,1,512.07,5,NaN,NaN
8,2,1,351.06,5,NaN,NaN
8,2,1,459.81,5,NaN,NaN
8,2,1,579.09,5,NaN,NaN
8,2,1,542.52,5,NaN,NaN
8,2,1,711.32,5,NaN,NaN
8,2,1,473.53,5,NaN,NaN
8,2,1,739.1,5,NaN,NaN
8,2,1,551.47,5,NaN,NaN
8,2,1,598.69,5,NaN,NaN
8,2,1,473.31,5,NaN,NaN
8,2,1,430.96,5,NaN,NaN
8,2,1,552.3,5,NaN,NaN
8,2,1,393.76,5,NaN,NaN
8,2,1,403.48,5,NaN,NaN
8,2,1,620.23,5,NaN,NaN
8,2,1,385.6,5,NaN,NaN
8,2,1,396.96,5,NaN,NaN
8,2,1,333.98,5,NaN,NaN
8,2,1,569.89,5,NaN,NaN
8,2,1,499.68,5,NaN,NaN
8,2,1,552.75,5,NaN,NaN
8,2,1,418.68,5,NaN,NaN
8,2,1,325.23,5,NaN,NaN
8,2,1,422.41,5,NaN,NaN
8,2,1,378.85,5,NaN,NaN
8,2,1,405.47,5,NaN,NaN
8,2,1,358.72,5,NaN,NaN
8,2,1,725.94,5,NaN,NaN
8,2,1,471.48,5,NaN,NaN
8,2,1,389.27,5,NaN,NaN
9,3,1,410.97,2,NaN,NaN
9,3,1,378.9,2,NaN,NaN
9,3,1,455.18,2,NaN,NaN
9,3,1,370.59,2,NaN,NaN
9,3,1,487.15,2,NaN,NaN
9,3,1,413.51,2,NaN,NaN
9,3,1,457.4,2,NaN,NaN
9,3,1,444.34,2,NaN,NaN
9,3,1,499.08,2,NaN,NaN
9,3,1,498.16,2,NaN,NaN
9,3,1,469.73,2,NaN,NaN
9,3,1,494.08,2,NaN,NaN
9,3,1,576.21,2,NaN,NaN
9,3,1,439.94,2,NaN,NaN
9,3,1,467.67,2,NaN,NaN
9,3,1,473.16,2,NaN,NaN
9,3,1,461.2,2,NaN,NaN
9,3,1,496.73,2,NaN,NaN
9,3,1,482.1,2,NaN,NaN
9,3,1,445.47,2,NaN,NaN
9,3,1,451.51,2,NaN,NaN
9,3,1,554.01,2,NaN,NaN
9,3,1,510.87,2,NaN,NaN
9,3,1,608.23,2,NaN,NaN
9,3,1,512.79,2,NaN,NaN
9,3,1,345.66,2,NaN,NaN
9,3,1,427.39,2,NaN,NaN
9,3,1,487.24,2,NaN,NaN
9,3,1,508.02,2,NaN,NaN
9,3,1,569.03,2,NaN,NaN
9,3,1,402.46,2,NaN,NaN
9,3,1,419.22,2,NaN,NaN
9,3,1,466.77,2,NaN,NaN
9,3,1,439.17,2,NaN,NaN
9,3,1,405.91,2,NaN,NaN
9,3,1,433.98,2,NaN,NaN
9,3,1,459.46,2,NaN,NaN
9,3,1,416.77,2,NaN,NaN
9,3,1,422.79,2,NaN,NaN
9,3,1,490.17,2,NaN,NaN
9,3,1,417.92,2,NaN,NaN
9,3,1,382.71,2,NaN,NaN
9,3,1,446.14,2,NaN,NaN
9,3,1,470.35,2,NaN,NaN
9,3,1,490.56,2,NaN,NaN
9,3,1,512.39,2,NaN,NaN
9,3,1,413.06,2,NaN,NaN
9,3,1,470.89,2,NaN,NaN
9,3,1,436.22,2,NaN,NaN
9,3,1,443.47,2,NaN,NaN
9,3,1,512.8,2,NaN,NaN
9,3,1,379.49,2,NaN,NaN
9,3,1,317.54,2,NaN,NaN
9,3,1,411.26,2,NaN,NaN
9,3,1,452.95,2,NaN,NaN
9,3,1,408.94,2,NaN,NaN
9,3,1,536.92,2,NaN,NaN
9,3,1,567.04,2,NaN,NaN
9,3,1,417.67,2,NaN,NaN
9,3,1,386.41,2,NaN,NaN
9,3,1,556.75,2,NaN,NaN
9,3,1,414.96,2,NaN,NaN
9,3,1,392.21,2,NaN,NaN
9,3,1,411.21,2,NaN,NaN
9,3,1,400.16,2,NaN,NaN
9,3,1,423.63,2,NaN,NaN
9,3,1,395.81,2,NaN,NaN
9,3,1,460.79,2,NaN,NaN
9,3,1,427.9,2,NaN,NaN
9,3,1,373.39,2,NaN,NaN
9,3,1,339.65,2,NaN,NaN
9,3,1,374.18,2,NaN,NaN
9,3,1,421.35,2,NaN,NaN
9,3,1,316.69,2,NaN,NaN
9,3,1,398.59,2,NaN,NaN
9,3,1,406.02,2,NaN,NaN
9,3,1,432.26,2,NaN,NaN
9,3,1,452.21,2,NaN,NaN
9,3,1,339.01,2,NaN,NaN
9,3,1,366.87,2,NaN,NaN
9,3,1,446.66,2,NaN,NaN
9,3,1,436.88,2,NaN,NaN
9,3,1,415.11,2,NaN,NaN
9,3,1,445.09,2,NaN,NaN
9,3,1,442.06,2,NaN,NaN
9,3,1,416.17,2,NaN,NaN
9,3,1,399.7,2,NaN,NaN
9,3,1,456.35,2,NaN,NaN
9,3,1,457.87,2,NaN,NaN
9,3,1,419.76,2,NaN,NaN
9,3,1,366.05,2,NaN,NaN
9,3,1,523.43,2,NaN,NaN
9,3,1,463.34,2,NaN,NaN
9,3,1,471.59,3,NaN,NaN
9,3,1,362.98,3,NaN,NaN
9,3,1,352.98,3,NaN,NaN
9,3,1,316.95,3,NaN,NaN
9,3,1,330.86,3,NaN,NaN
9,3,1,340.69,3,NaN,NaN
9,3,1,397.84,3,NaN,NaN
9,3,1,401.26,3,NaN,NaN
9,3,1,349.97,3,NaN,NaN
9,3,1,322.8,3,NaN,NaN
9,3,1,290.51,3,NaN,NaN
9,3,1,362.38,3,NaN,NaN
9,3,1,391.05,3,NaN,NaN
9,3,1,336.38,3,NaN,NaN
9,3,1,346.9,3,NaN,NaN
9,3,1,348.72,3,NaN,NaN
9,3,1,383.51,3,NaN,NaN
9,3,1,476.33,3,NaN,NaN
9,3,1,350.64,3,NaN,NaN
9,3,1,381.07,3,NaN,NaN
9,3,1,381.07,3,NaN,NaN
9,3,1,370.97,3,NaN,NaN
9,3,1,336.91,3,NaN,NaN
9,3,1,423.44,3,NaN,NaN
9,3,1,368.09,3,NaN,NaN
9,3,1,348.13,3,NaN,NaN
9,3,1,334.65,3,NaN,NaN
9,3,1,371.98,3,NaN,NaN
9,3,1,356.03,3,NaN,NaN
9,3,1,399.26,3,NaN,NaN
9,3,1,296.67,3,NaN,NaN
9,3,1,343.86,3,NaN,NaN
9,3,1,402.5,3,NaN,NaN
9,3,1,383.6,3,NaN,NaN
9,3,1,383.48,3,NaN,NaN
9,3,1,353.99,3,NaN,NaN
9,3,1,354.72,3,NaN,NaN
9,3,1,364,3,NaN,NaN
9,3,1,431.31,3,NaN,NaN
9,3,1,374.08,3,NaN,NaN
9,3,1,342.76,3,NaN,NaN
9,3,1,400.96,3,NaN,NaN
9,3,1,355.73,3,NaN,NaN
9,3,1,345,3,NaN,NaN
9,3,1,492.96,3,NaN,NaN
9,3,1,318.8,3,NaN,NaN
9,3,1,407.41,3,NaN,NaN
9,3,1,426.5,3,NaN,NaN
9,3,1,341.3,3,NaN,NaN
9,3,1,322.54,3,NaN,NaN
9,3,1,367.32,3,NaN,NaN
9,3,1,559.22,3,NaN,NaN
9,3,1,423.22,3,NaN,NaN
9,3,1,465.81,3,NaN,NaN
9,3,1,387.97,3,NaN,NaN
9,3,1,444.6,3,NaN,NaN
9,3,1,292.48,3,NaN,NaN
9,3,1,321.14,3,NaN,NaN
9,3,1,397.11,3,NaN,NaN
9,3,1,467.73,3,NaN,NaN
9,3,1,393.15,3,NaN,NaN
9,3,1,386.09,3,NaN,NaN
9,3,1,368.7,3,NaN,NaN
9,3,1,343.59,3,NaN,NaN
9,3,1,385.47,3,NaN,NaN
9,3,1,432.93,3,NaN,NaN
9,3,1,488.23,3,NaN,NaN
9,3,1,424.93,3,NaN,NaN
9,3,1,329.21,3,NaN,NaN
9,3,1,385.02,3,NaN,NaN
9,3,1,466.24,3,NaN,NaN
9,3,1,329.58,3,NaN,NaN
9,3,1,424.29,3,NaN,NaN
9,3,1,486.95,3,NaN,NaN
9,3,1,480.81,3,NaN,NaN
9,3,1,358.78,3,NaN,NaN
9,3,1,383.39,3,NaN,NaN
9,3,1,342.05,3,NaN,NaN
9,3,1,343.7,3,NaN,NaN
9,3,1,328.43,3,NaN,NaN
9,3,1,599.16,3,NaN,NaN
9,3,1,509.9,3,NaN,NaN
9,3,1,561.18,3,NaN,NaN
9,3,1,381.29,3,NaN,NaN
9,3,1,517.21,3,NaN,NaN
9,3,1,469.95,3,NaN,NaN
9,3,1,342.93,3,NaN,NaN
9,3,1,314.32,3,NaN,NaN
9,3,1,368.95,3,NaN,NaN
9,3,1,347.61,3,NaN,NaN
9,3,1,326.97,3,NaN,NaN
9,3,1,444.92,3,NaN,NaN
9,3,1,387.02,3,NaN,NaN
9,3,1,384.38,4,NaN,NaN
9,3,1,425.96,4,NaN,NaN
9,3,1,270.92,4,NaN,NaN
9,3,1,329.34,4,NaN,NaN
9,3,1,340.3,4,NaN,NaN
9,3,1,336.55,4,NaN,NaN
9,3,1,401.81,4,NaN,NaN
9,3,1,434.64,4,NaN,NaN
9,3,1,450.11,4,NaN,NaN
9,3,1,326.71,4,NaN,NaN
9,3,1,495.98,4,NaN,NaN
9,3,1,363.8,4,NaN,NaN
9,3,1,419.86,4,NaN,NaN
9,3,1,382.4,4,NaN,NaN
9,3,1,389.52,4,NaN,NaN
9,3,1,360.31,4,NaN,NaN
9,3,1,366.28,4,NaN,NaN
9,3,1,345.33,4,NaN,NaN
9,3,1,296.45,4,NaN,NaN
9,3,1,355.63,4,NaN,NaN
9,3,1,486.06,4,NaN,NaN
9,3,1,298.04,4,NaN,NaN
9,3,1,285.15,4,NaN,NaN
9,3,1,560.46,4,NaN,NaN
9,3,1,291.65,4,NaN,NaN
9,3,1,378.17,4,NaN,NaN
9,3,1,346.55,4,NaN,NaN
9,3,1,367.14,4,NaN,NaN
9,3,1,374.6,4,NaN,NaN
9,3,1,359.21,4,NaN,NaN
9,3,1,365.77,4,NaN,NaN
9,3,1,409.78,4,NaN,NaN
9,3,1,437.11,4,NaN,NaN
9,3,1,348.64,4,NaN,NaN
9,3,1,343.97,4,NaN,NaN
9,3,1,426.58,4,NaN,NaN
9,3,1,366.13,4,NaN,NaN
9,3,1,396.15,4,NaN,NaN
9,3,1,539.16,4,NaN,NaN
9,3,1,330.55,4,NaN,NaN
9,3,1,397.35,4,NaN,NaN
9,3,1,312.59,4,NaN,NaN
9,3,1,390.39,4,NaN,NaN
9,3,1,501.6,4,NaN,NaN
9,3,1,376.89,4,NaN,NaN
9,3,1,344.68,4,NaN,NaN
9,3,1,315.41,4,NaN,NaN
9,3,1,451.73,4,NaN,NaN
9,3,1,326.69,4,NaN,NaN
9,3,1,593.39,4,NaN,NaN
9,3,1,370.75,4,NaN,NaN
9,3,1,508.08,4,NaN,NaN
9,3,1,347.37,4,NaN,NaN
9,3,1,321.27,4,NaN,NaN
9,3,1,334.52,4,NaN,NaN
9,3,1,594.81,4,NaN,NaN
9,3,1,402.61,4,NaN,NaN
9,3,1,268.57,4,NaN,NaN
9,3,1,399.92,4,NaN,NaN
9,3,1,458.54,4,NaN,NaN
9,3,1,359.52,4,NaN,NaN
9,3,1,511.4,4,NaN,NaN
9,3,1,345.53,4,NaN,NaN
9,3,1,336.57,4,NaN,NaN
9,3,1,403.12,4,NaN,NaN
9,3,1,431.11,4,NaN,NaN
9,3,1,327.71,4,NaN,NaN
9,3,1,342.33,4,NaN,NaN
9,3,1,366.15,4,NaN,NaN
9,3,1,408,4,NaN,NaN
9,3,1,486.33,4,NaN,NaN
9,3,1,393.63,4,NaN,NaN
9,3,1,379.58,4,NaN,NaN
9,3,1,617.87,4,NaN,NaN
9,3,1,607.22,4,NaN,NaN
9,3,1,580.82,4,NaN,NaN
9,3,1,430.61,4,NaN,NaN
9,3,1,326.81,4,NaN,NaN
9,3,1,411.95,4,NaN,NaN
9,3,1,371.23,4,NaN,NaN
9,3,1,487.98,4,NaN,NaN
9,3,1,520.6,4,NaN,NaN
9,3,1,327.41,4,NaN,NaN
9,3,1,458.67,4,NaN,NaN
9,3,1,460.49,4,NaN,NaN
9,3,1,628.39,4,NaN,NaN
9,3,1,363.21,4,NaN,NaN
9,3,1,404.81,4,NaN,NaN
9,3,1,284.88,4,NaN,NaN
9,3,1,510.53,4,NaN,NaN
9,3,1,417.35,4,NaN,NaN
9,3,1,445.69,4,NaN,NaN
9,3,1,297.51,4,NaN,NaN
9,3,1,326.66,5,NaN,NaN
9,3,1,318.3,5,NaN,NaN
9,3,1,332.2,5,NaN,NaN
9,3,1,304.36,5,NaN,NaN
9,3,1,369.58,5,NaN,NaN
9,3,1,308.79,5,NaN,NaN
9,3,1,308.58,5,NaN,NaN
9,3,1,302.44,5,NaN,NaN
9,3,1,370.16,5,NaN,NaN
9,3,1,398.2,5,NaN,NaN
9,3,1,372.62,5,NaN,NaN
9,3,1,418.54,5,NaN,NaN
9,3,1,362.33,5,NaN,NaN
9,3,1,334.35,5,NaN,NaN
9,3,1,297.01,5,NaN,NaN
9,3,1,367.71,5,NaN,NaN
9,3,1,362.25,5,NaN,NaN
9,3,1,488.22,5,NaN,NaN
9,3,1,466.08,5,NaN,NaN
9,3,1,403.32,5,NaN,NaN
9,3,1,415.31,5,NaN,NaN
9,3,1,343.38,5,NaN,NaN
9,3,1,508.7,5,NaN,NaN
9,3,1,392.7,5,NaN,NaN
9,3,1,407.27,5,NaN,NaN
9,3,1,394.18,5,NaN,NaN
9,3,1,395.99,5,NaN,NaN
9,3,1,319.94,5,NaN,NaN
9,3,1,338.5,5,NaN,NaN
9,3,1,371.8,5,NaN,NaN
9,3,1,448.74,5,NaN,NaN
9,3,1,398.69,5,NaN,NaN
9,3,1,382.51,5,NaN,NaN
9,3,1,287.67,5,NaN,NaN
9,3,1,444.17,5,NaN,NaN
9,3,1,385.32,5,NaN,NaN
9,3,1,487.08,5,NaN,NaN
9,3,1,363.12,5,NaN,NaN
9,3,1,554.73,5,NaN,NaN
9,3,1,374.77,5,NaN,NaN
9,3,1,504.17,5,NaN,NaN
9,3,1,332.1,5,NaN,NaN
9,3,1,416.72,5,NaN,NaN
9,3,1,379.37,5,NaN,NaN
9,3,1,373.37,5,NaN,NaN
9,3,1,324.8,5,NaN,NaN
9,3,1,632.78,5,NaN,NaN
9,3,1,328.74,5,NaN,NaN
9,3,1,328.95,5,NaN,NaN
9,3,1,348.89,5,NaN,NaN
9,3,1,386.74,5,NaN,NaN
9,3,1,403.51,5,NaN,NaN
9,3,1,383.64,5,NaN,NaN
9,3,1,433.16,5,NaN,NaN
9,3,1,346.72,5,NaN,NaN
9,3,1,653.32,5,NaN,NaN
9,3,1,478.39,5,NaN,NaN
9,3,1,514.17,5,NaN,NaN
9,3,1,363.64,5,NaN,NaN
9,3,1,469.43,5,NaN,NaN
9,3,1,443.06,5,NaN,NaN
9,3,1,448.97,5,NaN,NaN
9,3,1,415.72,5,NaN,NaN
9,3,1,455.24,5,NaN,NaN
9,3,1,581.37,5,NaN,NaN
9,3,1,652.56,5,NaN,NaN
9,3,1,624.87,5,NaN,NaN
9,3,1,505.58,5,NaN,NaN
9,3,1,583.72,5,NaN,NaN
9,3,1,462.61,5,NaN,NaN
9,3,1,423.12,5,NaN,NaN
9,3,1,483.1,5,NaN,NaN
9,3,1,364.79,5,NaN,NaN
9,3,1,405.45,5,NaN,NaN
9,3,1,367.15,5,NaN,NaN
9,3,1,428.84,5,NaN,NaN
9,3,1,410.44,5,NaN,NaN
9,3,1,542.65,5,NaN,NaN
9,3,1,596,5,NaN,NaN
9,3,1,382.57,5,NaN,NaN
9,3,1,393.86,5,NaN,NaN
9,3,1,396.89,5,NaN,NaN
9,3,1,571.67,5,NaN,NaN
9,3,1,398.18,5,NaN,NaN
9,3,1,375.49,5,NaN,NaN
9,3,1,449.42,5,NaN,NaN
9,3,1,357.41,5,NaN,NaN
9,3,1,355.12,5,NaN,NaN
9,3,1,392.5,5,NaN,NaN
9,3,1,608.61,5,NaN,NaN
9,3,1,514.79,5,NaN,NaN
9,3,1,543.33,5,NaN,NaN
